(0;0.051628);(1;0.126983);(3;0.120825);(4;0.064167);(7;0.609506)
(0;0.0337);(1;0.129199);(7;0.813993)
(0;0.541466);(1;0.016554);(3;0.013734);(5;0.023343);(11;0.383367)
(0;0.034819);(1;0.102322);(2;0.073329);(3;0.165067);(6;0.603644)
(0;0.339389);(1;0.01411);(4;0.442516);(6;0.027664);(8;0.023749);(15;0.050613);(18;0.026133);(28;0.011118);(93;0.033443)
(0;0.240934);(1;0.148759);(4;0.38459);(7;0.08736);(9;0.019897);(11;0.046441);(17;0.049977)
(0;0.11931);(1;0.372028);(2;0.010174);(3;0.111394);(6;0.015932);(20;0.346041)
(0;0.690957);(1;0.018719);(2;0.025133);(3;0.091587);(5;0.020065);(10;0.022939);(19;0.04816);(37;0.014508);(61;0.020026);(85;0.017333)
(0;0.146933);(1;0.041903);(6;0.790216)
(0;0.319488);(1;0.11529);(33;0.542418)
(0;0.256213);(1;0.137287);(2;0.10555);(3;0.02451);(4;0.032017);(8;0.051928);(21;0.018751);(50;0.355513)
(0;0.19628);(1;0.392642);(2;0.0562);(3;0.314288);(20;0.018166)
(0;0.917856);(1;0.049525)
(0;0.056635);(1;0.198016);(2;0.492239);(4;0.180947);(20;0.041043)
(0;0.039079);(1;0.06609);(4;0.517021);(39;0.350368)
(0;0.474847);(1;0.015788);(32;0.491892)
(0;0.098259);(1;0.361917);(2;0.069965);(4;0.056341);(29;0.395649)
(0;0.066825);(1;0.148897);(2;0.225966);(22;0.538293)
(0;0.40117);(1;0.192418);(19;0.37261)
(0;0.820927);(1;0.024337);(3;0.051161);(18;0.057274);(37;0.01893)
(0;0.032746);(1;0.613998);(2;0.010299);(3;0.135558);(4;0.143428);(10;0.022994);(20;0.017693)
(0;0.177824);(1;0.046494);(17;0.752633)
(0;0.043097);(1;0.205874);(2;0.090368);(3;0.613761);(8;0.022156)
(0;0.662347);(1;0.131711);(2;0.056354);(3;0.086936);(4;0.01848);(14;0.015505)
(0;0.327891);(4;0.618486);(43;0.014293)
(0;0.395166);(1;0.018786);(8;0.560348)
(0;0.028798);(1;0.086933);(4;0.849374);(20;0.011248)
(0;0.585475);(1;0.261912);(2;0.032221);(5;0.023791);(7;0.045795);(9;0.019462)
(0;0.665262);(1;0.080918);(2;0.040137);(3;0.073787);(4;0.011137);(5;0.07068);(10;0.029282)
(0;0.201047);(1;0.384282);(2;0.054469);(3;0.104802);(29;0.231977)
(0;0.223331);(1;0.154905);(2;0.023132);(3;0.072392);(4;0.020043);(5;0.045087);(15;0.438871)
(0;0.052398);(1;0.277658);(2;0.032243);(3;0.2176);(4;0.021583);(7;0.033618);(21;0.337641)
(0;0.654638);(1;0.045182);(4;0.092381);(5;0.01558);(6;0.023027);(7;0.054076);(22;0.044119);(28;0.029563);(36;0.019186)
(0;0.117432);(1;0.145142);(3;0.266618);(4;0.273725);(5;0.016805);(7;0.054395);(9;0.037109);(10;0.023103);(11;0.03831)
(0;0.484718);(1;0.454425);(5;0.024133)
(0;0.105769);(1;0.800523);(14;0.023832);(18;0.017311);(25;0.010058)
(0;0.196094);(1;0.020959);(3;0.019591);(6;0.741006)
(0;0.686703);(1;0.011068);(2;0.093304);(5;0.014159);(10;0.01689);(12;0.023852);(22;0.02059);(28;0.025033);(29;0.014674);(30;0.025381);(54;0.026868);(64;0.018873)
(0;0.051334);(1;0.067707);(4;0.101967);(8;0.742597)
(0;0.364471);(1;0.014663);(43;0.601778)
(0;0.290334);(1;0.105935);(2;0.070485);(3;0.187843);(15;0.326182)
(0;0.193341);(1;0.018101);(2;0.188323);(3;0.552728);(25;0.017387);(30;0.015352)
(0;0.668978);(1;0.046833);(2;0.121641);(4;0.032665);(5;0.05008);(19;0.025031);(28;0.016152);(40;0.017584)
(0;0.608743);(1;0.212388);(3;0.129666);(4;0.010703);(11;0.014523)
(0;0.041875);(1;0.598301);(10;0.024171);(23;0.015511);(34;0.293064)
(0;0.718122);(1;0.014904);(30;0.24029)
(0;0.622477);(1;0.026218);(6;0.03182);(11;0.011601);(19;0.022267);(49;0.260449)
(0;0.209402);(1;0.216695);(2;0.204997);(4;0.059197);(5;0.020653);(32;0.257955)
(0;0.188255);(1;0.020665);(2;0.769359)
(0;0.119865);(1;0.30282);(3;0.181822);(13;0.36816)
(0;0.100536);(1;0.074198);(2;0.192582);(5;0.600091);(22;0.014901)
(0;0.121227);(1;0.1866);(3;0.088238);(4;0.065105);(14;0.508922)
(0;0.371112);(1;0.023433);(2;0.322082);(51;0.266503)
(0;0.043436);(1;0.120294);(2;0.041362);(3;0.0271);(4;0.323269);(20;0.424137)
(0;0.029248);(1;0.288301);(2;0.553075);(4;0.022412);(25;0.090661)
(0;0.322652);(1;0.016587);(2;0.572011);(3;0.015545);(4;0.026824);(6;0.033236)
(0;0.04017);(1;0.498399);(2;0.070947);(3;0.109706);(10;0.255787)
(0;0.026594);(1;0.042609);(2;0.662536);(3;0.026896);(4;0.136438);(13;0.03805);(31;0.024123);(40;0.020449)
(0;0.09676);(1;0.740749);(2;0.073635);(4;0.035562);(7;0.028944)
(0;0.522098);(1;0.042532);(31;0.415677)
(0;0.949443);(1;0.012365);(18;0.018324)
(0;0.040102);(1;0.031274);(2;0.011344);(4;0.836965);(7;0.016258);(8;0.02092);(23;0.018697)
(0;0.035457);(1;0.049091);(2;0.019311);(3;0.666153);(4;0.181034);(10;0.02758)
(0;0.712543);(1;0.022051);(5;0.071506);(9;0.048675);(12;0.023399);(19;0.0211);(72;0.027514);(73;0.029445)
(0;0.162834);(1;0.277299);(2;0.107426);(4;0.037426);(16;0.383744)
(0;0.281556);(1;0.047095);(4;0.037812);(18;0.614079)
(0;0.323321);(1;0.061951);(14;0.585587)
(0;0.720916);(1;0.023889);(3;0.183095);(4;0.014686);(6;0.023636);(42;0.010981)
(0;0.028471);(1;0.277207);(2;0.667795)
(0;0.044762);(1;0.343872);(2;0.095319);(3;0.107475);(5;0.34734);(10;0.033951)
(0;0.312016);(1;0.017784);(2;0.611632);(6;0.014885);(26;0.028521)
(0;0.048886);(1;0.152655);(2;0.037087);(7;0.737072)
(0;0.441191);(1;0.052904);(2;0.091005);(12;0.38263);(37;0.011961)
(0;0.285406);(1;0.101707);(2;0.051333);(3;0.179662);(13;0.320829);(15;0.034409)
(0;0.42484);(1;0.015661);(2;0.044656);(3;0.021471);(5;0.017359);(12;0.44111);(15;0.011963)
(0;0.224273);(1;0.094624);(2;0.273738);(3;0.252414);(5;0.062275);(20;0.014457);(27;0.052603)
(0;0.153238);(1;0.78401);(2;0.034219)
(0;0.740802);(1;0.129688);(5;0.037702);(10;0.045543)
(0;0.718418);(1;0.066644);(2;0.032947);(14;0.164329)
(0;0.126053);(1;0.121896);(2;0.014627);(3;0.425096);(27;0.285284)
(0;0.420473);(1;0.0864);(2;0.041942);(3;0.037954);(4;0.015636);(21;0.374355)
(0;0.050903);(1;0.273152);(2;0.021602);(3;0.112127);(5;0.502989);(7;0.019086)
(0;0.051091);(1;0.135768);(2;0.11303);(3;0.144392);(26;0.528171)
(0;0.623392);(1;0.025427);(2;0.063569);(10;0.256317);(22;0.011341)
(0;0.032069);(1;0.336456);(2;0.257741);(3;0.043678);(4;0.29247);(11;0.017512)
(0;0.042129);(1;0.604272);(2;0.022082);(3;0.252643);(4;0.060211)
(0;0.931726);(1;0.017469);(2;0.023655)
(0;0.050763);(1;0.630171);(2;0.03427);(3;0.190035);(4;0.053897)
(0;0.256455);(1;0.014717);(5;0.702612)
(0;0.763928);(1;0.020602);(2;0.130546);(19;0.064529)
(0;0.730944);(1;0.097261);(2;0.054572);(4;0.037332);(7;0.039902);(32;0.012677)
(0;0.030702);(1;0.052167);(3;0.019142);(4;0.874138)
(0;0.090427);(1;0.279961);(2;0.102472);(3;0.015228);(12;0.495782)
(0;0.381971);(1;0.147844);(30;0.449984)
(0;0.038671);(1;0.089083);(2;0.095521);(3;0.08335);(4;0.151915);(8;0.520866)
(0;0.261395);(1;0.104417);(2;0.275425);(8;0.341896)
(0;0.379321);(1;0.033685);(22;0.563227)
(0;0.594148);(1;0.043765);(21;0.34303)
(0;0.027731);(1;0.722225);(2;0.049103);(4;0.106999);(8;0.019568);(20;0.022239);(23;0.032597)
(0;0.068);(1;0.428258);(2;0.045459);(3;0.089128);(4;0.177196);(20;0.012059);(27;0.157253)
(0;0.768001);(1;0.014368);(3;0.071469);(14;0.014021);(18;0.113307)
(0;0.16756);(1;0.796057);(5;0.012745)
(0;0.57499);(1;0.028289);(2;0.207302);(3;0.048652);(10;0.019318);(24;0.012535);(27;0.011232);(31;0.030421);(32;0.011782);(35;0.010175);(46;0.024286)
(0;0.396063);(1;0.022418);(2;0.02849);(3;0.038283);(19;0.494579)
(0;0.927427);(1;0.01827);(45;0.015407)
(0;0.084482);(1;0.043014);(4;0.026053);(9;0.814544)
(0;0.370046);(1;0.017139);(7;0.564357);(18;0.027049)
(0;0.039436);(1;0.063177);(3;0.04001);(11;0.825918)
(0;0.06296);(1;0.128244);(2;0.015682);(3;0.055382);(4;0.175633);(7;0.538884)
(0;0.266357);(1;0.036566);(6;0.673633)
(0;0.491443);(1;0.316392);(2;0.073301);(3;0.019829);(6;0.017361);(18;0.022894);(25;0.02733)
(0;0.501161);(1;0.01586);(22;0.463762)
(0;0.038231);(1;0.139351);(2;0.694581);(3;0.034034);(4;0.044827);(10;0.021467)
(0;0.951425);(1;0.013698);(18;0.015575)
(0;0.067745);(1;0.091739);(2;0.021182);(6;0.796772)
(0;0.892503);(1;0.030239);(2;0.043234);(3;0.019269)
(0;0.035076);(1;0.144697);(2;0.132291);(3;0.548738);(5;0.084028);(26;0.028805)
(0;0.170234);(1;0.202723);(2;0.073381);(16;0.529762)
(0;0.032208);(1;0.097159);(3;0.342463);(11;0.503875)
(0;0.72388);(1;0.017464);(4;0.041983);(18;0.174585)
(0;0.404991);(1;0.02488);(10;0.537821)
(0;0.453988);(1;0.026772);(2;0.022111);(9;0.479421)
(0;0.338858);(1;0.176557);(2;0.028046);(7;0.398473);(10;0.017341)
(0;0.569417);(1;0.344631);(7;0.019437);(24;0.023353)
(0;0.067463);(1;0.33671);(2;0.025444);(4;0.031753);(7;0.014854);(15;0.502182)
(0;0.034729);(1;0.08214);(4;0.412075);(13;0.439859)
(0;0.499849);(1;0.032515);(2;0.020489);(42;0.42636)
(0;0.083501);(1;0.76187);(2;0.032226);(3;0.078215);(26;0.015673)
(0;0.175176);(1;0.328036);(8;0.018521);(25;0.457747)
(0;0.034811);(1;0.079127);(2;0.080582);(3;0.055048);(4;0.700748);(16;0.014788)
(0;0.340177);(1;0.068496);(2;0.063282);(3;0.059575);(9;0.435893);(12;0.01245)
(0;0.197508);(1;0.369575);(2;0.103258);(3;0.2203);(4;0.030275);(5;0.026644);(9;0.022713);(35;0.01017)
(0;0.053778);(1;0.116393);(2;0.780522);(15;0.018184);(17;0.014296)
(0;0.049655);(1;0.199318);(2;0.681385);(3;0.042247)
(0;0.033717);(1;0.06669);(2;0.173564);(3;0.507974);(12;0.174935);(26;0.024958)
(0;0.063701);(1;0.229749);(2;0.458754);(3;0.060807);(4;0.171749)
(0;0.494652);(1;0.022493);(36;0.46317)
(0;0.857339);(1;0.014647);(2;0.048295);(5;0.047286);(19;0.014713)
(0;0.695168);(1;0.014278);(9;0.225113);(12;0.022161);(24;0.01921)
(0;0.410166);(1;0.197166);(2;0.350029);(7;0.022124)
(0;0.211003);(1;0.218021);(4;0.025678);(9;0.508378)
(0;0.051652);(1;0.365054);(2;0.044367);(3;0.011549);(4;0.074882);(7;0.035318);(11;0.35693);(35;0.038664)
(0;0.143277);(1;0.15255);(2;0.108572);(3;0.06758);(4;0.47162);(23;0.022825)
(0;0.236802);(1;0.077942);(2;0.061301);(3;0.593195);(5;0.013344)
(0;0.624608);(1;0.012896);(5;0.345441)
(0;0.282008);(1;0.061574);(2;0.016219);(4;0.401806);(6;0.107082);(17;0.027827);(54;0.078514)
(0;0.940371);(1;0.016018);(9;0.02067)
(0;0.389183);(1;0.031509);(3;0.01114);(18;0.550278)
(0;0.029308);(1;0.787717);(4;0.139639);(50;0.017027)
(0;0.407387);(1;0.018573);(4;0.466644);(18;0.033705);(24;0.03109);(28;0.021745)
(0;0.210708);(1;0.056516);(3;0.023334);(4;0.055734);(6;0.024627);(7;0.608171)
(0;0.216479);(1;0.222053);(2;0.031959);(25;0.504956)
(0;0.121774);(1;0.034821);(4;0.824131)
(0;0.032358);(1;0.20144);(2;0.031934);(3;0.523337);(8;0.042229);(12;0.14975)
(0;0.037394);(1;0.030759);(10;0.890907)
(0;0.058685);(1;0.285018);(3;0.043898);(4;0.108581);(16;0.480447)
(0;0.080035);(1;0.045603);(2;0.023165);(8;0.01599);(12;0.810879)
(0;0.44865);(1;0.037184);(2;0.054942);(18;0.010065);(45;0.430686)
(0;0.888435);(1;0.0156);(6;0.037059);(15;0.012531);(21;0.012271)
(0;0.366068);(1;0.559769);(2;0.019774);(25;0.019201)
(0;0.12878);(1;0.184032);(3;0.132989);(4;0.015336);(9;0.519239)
(0;0.335021);(1;0.503841);(2;0.064507);(5;0.027375);(8;0.01429)
(0;0.246384);(1;0.067898);(2;0.040068);(4;0.029734);(13;0.595537)
(0;0.084764);(1;0.197658);(3;0.157853);(4;0.223348);(17;0.303837)
(0;0.041037);(1;0.147977);(2;0.171444);(4;0.027313);(23;0.5904)
(0;0.718139);(1;0.018294);(3;0.019505);(5;0.220258)
(0;0.724183);(1;0.119573);(3;0.036122);(4;0.086222)
(0;0.174275);(1;0.169737);(2;0.249577);(23;0.392622)
(0;0.040513);(1;0.359818);(3;0.039662);(4;0.117937);(6;0.387357);(14;0.011953);(16;0.0124)
(0;0.048389);(1;0.246718);(2;0.01404);(3;0.141811);(10;0.028893);(20;0.492003)
(0;0.036603);(1;0.334063);(2;0.040623);(34;0.561348)
(0;0.072693);(1;0.158118);(2;0.710141);(20;0.033829)
(0;0.46472);(1;0.014006);(6;0.474491);(12;0.014733)
(0;0.040697);(1;0.196234);(3;0.043822);(4;0.651692);(21;0.028448)
(0;0.252186);(1;0.024905);(24;0.695462)
(0;0.214823);(1;0.073592);(2;0.164675);(3;0.121554);(4;0.010583);(48;0.395285)
(0;0.410302);(1;0.308652);(2;0.15712);(8;0.023244);(12;0.056411);(21;0.023594)
(0;0.22302);(1;0.026566);(2;0.019178);(19;0.707886)
(0;0.555452);(1;0.101343);(2;0.035309);(3;0.221774);(4;0.022688);(5;0.010648);(7;0.012911);(31;0.015664)
(0;0.277687);(1;0.038743);(15;0.652553)
(0;0.943104);(1;0.01317);(24;0.024046)
(0;0.463739);(1;0.030992);(6;0.013325);(18;0.456751)
(0;0.422618);(1;0.074062);(7;0.048689);(35;0.430144)
(0;0.069017);(1;0.483156);(3;0.306019);(4;0.064273);(7;0.025262);(20;0.012359);(35;0.014937)
(0;0.075892);(1;0.744861);(3;0.051994);(6;0.012925);(8;0.035462);(10;0.019052);(12;0.012836);(18;0.012306)
(0;0.377921);(1;0.022074);(3;0.02527);(18;0.556919)
(0;0.263922);(1;0.347007);(2;0.115976);(3;0.046932);(27;0.20302)
(0;0.090819);(1;0.149798);(2;0.060907);(3;0.208387);(4;0.052692);(5;0.343792);(10;0.064646)
(0;0.044011);(1;0.029429);(3;0.897745)
(0;0.700592);(1;0.022547);(12;0.235663);(18;0.016188)
(0;0.029878);(1;0.16881);(2;0.783689)
(0;0.034441);(1;0.873374);(2;0.02071);(3;0.045054)
(0;0.15712);(1;0.218008);(3;0.040539);(4;0.041916);(21;0.514214)
(0;0.078369);(1;0.218056);(2;0.449152);(9;0.011096);(30;0.220011)
(0;0.661701);(1;0.117019);(3;0.025447);(11;0.019116);(12;0.158543)
(0;0.04734);(1;0.493195);(2;0.089995);(3;0.27393);(6;0.011487);(26;0.060056)
(0;0.0997);(1;0.285495);(2;0.201521);(3;0.053379);(4;0.106672);(52;0.234058)
(0;0.435465);(1;0.015758);(24;0.5271)
(0;0.515286);(1;0.035728);(28;0.430786)
(0;0.10359);(1;0.024314);(2;0.088124);(5;0.76282)
(0;0.206802);(1;0.399042);(2;0.020917);(3;0.02012);(29;0.330658)
(0;0.418533);(1;0.451508);(6;0.060625);(8;0.018826);(11;0.018822);(15;0.014556)
(0;0.535601);(1;0.252527);(4;0.026127);(8;0.033012);(18;0.030729);(25;0.087487)
(0;0.064844);(1;0.152185);(2;0.058107);(3;0.062471);(4;0.022729);(23;0.613855)
(0;0.337042);(1;0.028027);(2;0.060061);(3;0.015309);(8;0.495358);(13;0.024625);(19;0.021682)
(0;0.878573);(1;0.026391);(9;0.010174);(12;0.021738);(31;0.012729);(36;0.023003)
(0;0.640573);(1;0.014811);(11;0.028568);(12;0.068338);(19;0.076517);(22;0.018902);(24;0.089206);(80;0.017374);(90;0.022995)
(0;0.085356);(1;0.251475);(2;0.124718);(3;0.091139);(4;0.029645);(26;0.393214)
(0;0.119697);(1;0.141404);(2;0.059546);(3;0.076201);(4;0.017297);(14;0.514916);(16;0.041256)
(0;0.091068);(1;0.060614);(2;0.410577);(3;0.36704);(8;0.031172);(46;0.025991)
(0;0.277013);(1;0.312967);(3;0.025715);(4;0.020949);(14;0.339618)
(0;0.267549);(1;0.16882);(2;0.531007);(13;0.014969)
(0;0.072914);(1;0.083339);(2;0.405998);(3;0.069521);(4;0.29857);(8;0.025871);(9;0.028715)
(0;0.037172);(1;0.062842);(2;0.010705);(9;0.860224)
(0;0.03201);(1;0.334338);(4;0.236483);(5;0.309163);(7;0.038234);(10;0.020496)
(0;0.131895);(1;0.108844);(2;0.299171);(3;0.273896);(5;0.050686);(6;0.058945);(10;0.04862)
(0;0.951212);(1;0.029153)
(0;0.062129);(1;0.127636);(3;0.04996);(4;0.123399);(11;0.614011)
(0;0.271477);(1;0.151895);(2;0.046633);(3;0.279412);(6;0.014673);(9;0.018499);(44;0.195317)
(0;0.099131);(1;0.281026);(2;0.102494);(4;0.031567);(7;0.035113);(8;0.029898);(10;0.394681)
(0;0.093954);(1;0.10831);(2;0.01598);(3;0.018555);(4;0.74152)
(0;0.79893);(1;0.076333);(3;0.010841);(4;0.069811);(8;0.018106)
(0;0.076001);(1;0.321729);(2;0.018614);(3;0.061911);(4;0.111052);(46;0.386195)
(0;0.331421);(1;0.133188);(2;0.126721);(4;0.049374);(5;0.313496);(11;0.019152)
(0;0.074877);(1;0.214545);(2;0.563868);(3;0.096795);(8;0.010868);(10;0.018327)
(0;0.552303);(1;0.051879);(6;0.36382);(11;0.01465)
(0;0.043062);(1;0.228537);(2;0.110739);(3;0.13113);(8;0.465204)
(0;0.195966);(1;0.123544);(2;0.249289);(5;0.024592);(6;0.381109)
(0;0.044864);(1;0.243775);(2;0.012239);(3;0.636033);(4;0.020818);(10;0.019171)
(0;0.030196);(1;0.052356);(4;0.012422);(13;0.878772)
(0;0.026548);(1;0.305111);(2;0.040968);(4;0.111534);(8;0.03724);(40;0.458471)
(0;0.234763);(1;0.029712);(2;0.038042);(3;0.02836);(5;0.641069)
(0;0.646706);(1;0.152803);(6;0.088635);(10;0.035435);(17;0.011654);(61;0.038961)
(0;0.416654);(1;0.083741);(2;0.132023);(3;0.128901);(4;0.023848);(10;0.019243);(12;0.174791)
(0;0.096445);(1;0.274484);(2;0.019683);(3;0.399535);(4;0.052589);(5;0.026719);(6;0.060455);(8;0.018499);(13;0.013847)
(0;0.046207);(1;0.053091);(2;0.03961);(11;0.841527)
(0;0.198612);(1;0.07171);(18;0.710505)
(0;0.713822);(1;0.035048);(4;0.01616);(41;0.211328)
(0;0.83732);(1;0.015041);(15;0.069815);(18;0.010273);(24;0.01276);(43;0.021879)
(0;0.194274);(1;0.02612);(2;0.043333);(3;0.029629);(6;0.640678);(8;0.042652)
(0;0.390072);(1;0.064155);(2;0.050676);(4;0.015228);(47;0.458977)
(0;0.606112);(1;0.021746);(2;0.06992);(42;0.279421)
(0;0.053485);(1;0.149365);(2;0.730422);(3;0.015701);(23;0.015497);(26;0.019104)
(0;0.144938);(1;0.598021);(2;0.064458);(4;0.077957);(11;0.017994);(13;0.010903);(23;0.053018);(40;0.010244)
(0;0.043129);(1;0.120635);(2;0.647716);(3;0.061881);(4;0.059894);(7;0.013575);(9;0.017757);(12;0.014691)
(0;0.653384);(1;0.088322);(4;0.01679);(5;0.022763);(6;0.025328);(11;0.010222);(13;0.040106);(14;0.023756);(21;0.019261);(29;0.015896);(43;0.024928);(45;0.023881)
(0;0.296686);(1;0.121082);(2;0.043866);(4;0.010732);(37;0.507815)
(0;0.672766);(1;0.021515);(18;0.249834);(32;0.036457)
(0;0.460685);(1;0.013153);(28;0.507388)
(0;0.034224);(1;0.054361);(2;0.510716);(3;0.12923);(9;0.256107)
(0;0.880839);(1;0.011929);(18;0.028024);(21;0.010847);(31;0.012466);(38;0.020337)
(0;0.414588);(1;0.082223);(2;0.049822);(3;0.031332);(38;0.401641)
(0;0.162484);(1;0.01787);(2;0.805717)
(0;0.031027);(1;0.15375);(2;0.054266);(4;0.061041);(16;0.677628)
(0;0.670279);(1;0.033722);(2;0.236005);(19;0.015051);(24;0.012539);(37;0.010659)
(0;0.48553);(1;0.029129);(2;0.051057);(4;0.352017);(5;0.014132);(24;0.027687)
(0;0.040397);(1;0.587175);(2;0.02478);(4;0.294621);(8;0.027674)
(0;0.065474);(1;0.549798);(2;0.111648);(3;0.178228);(6;0.023374);(14;0.04596)
(0;0.802688);(1;0.044434);(2;0.089883);(3;0.010013);(12;0.012758);(18;0.013446)
(0;0.049871);(1;0.055356);(2;0.8597);(26;0.015336)
(0;0.029646);(1;0.01383);(2;0.665739);(3;0.040152);(4;0.142808);(11;0.0748);(15;0.012352)
(0;0.773219);(1;0.103733);(2;0.089028);(38;0.015364)
(0;0.717893);(1;0.012757);(4;0.243075);(18;0.011544)
(0;0.074319);(1;0.387488);(2;0.430898);(3;0.022162);(5;0.063722)
(0;0.455969);(1;0.089207);(3;0.236033);(8;0.01107);(15;0.013767);(19;0.027927);(25;0.022816);(30;0.015324);(43;0.015122);(48;0.041284);(81;0.027503);(92;0.01641)
(0;0.047028);(1;0.120967);(2;0.756095);(14;0.021992);(25;0.021823)
(0;0.042823);(1;0.427521);(2;0.095937);(4;0.30926);(11;0.044558);(23;0.03152);(27;0.017159)
(0;0.897753);(1;0.023535);(5;0.024063);(17;0.018343);(24;0.013592)
(0;0.533171);(1;0.022145);(4;0.265234);(5;0.019035);(6;0.047388);(7;0.016515);(15;0.028444);(28;0.015364);(87;0.023586)
(0;0.104886);(1;0.115625);(2;0.433703);(3;0.080314);(12;0.014652);(15;0.233892)
(0;0.960162);(1;0.017123)
(0;0.047081);(1;0.447579);(3;0.143307);(4;0.249494);(16;0.026128);(20;0.055634)
(0;0.229851);(1;0.145876);(2;0.376253);(3;0.117107);(4;0.040269);(5;0.015483);(6;0.015266);(21;0.034871)
(0;0.380836);(1;0.170358);(2;0.373545);(4;0.010907);(26;0.052861)
(0;0.038499);(1;0.423424);(3;0.361775);(4;0.140703);(20;0.010622)
(0;0.190885);(1;0.333177);(2;0.241913);(3;0.1036);(4;0.028978);(7;0.02094);(9;0.026129);(38;0.027087)
(0;0.440864);(1;0.124647);(4;0.357568);(7;0.023238);(18;0.014379);(31;0.016663)
(0;0.625374);(1;0.230539);(2;0.014524);(3;0.01838);(19;0.011585);(22;0.025304);(35;0.035852);(36;0.0164)
(0;0.1726);(1;0.104136);(2;0.525269);(5;0.049426);(8;0.032525);(12;0.01218);(21;0.010271);(22;0.025325);(35;0.015028);(39;0.02207);(42;0.015087)
(0;0.905563);(1;0.030003);(2;0.011314);(19;0.020236)
(0;0.112193);(1;0.018418);(6;0.848131)
(0;0.303167);(1;0.211194);(2;0.44148);(4;0.020619)
(0;0.839721);(1;0.060567);(4;0.038828);(15;0.012301);(17;0.030344)
(0;0.460292);(1;0.096283);(2;0.081212);(3;0.228067);(4;0.049622);(21;0.038847);(41;0.022351)
(0;0.533088);(1;0.254937);(2;0.021261);(3;0.037766);(8;0.041484);(9;0.012165);(10;0.028283);(16;0.052421)
(0;0.659481);(1;0.135569);(2;0.019759);(3;0.070556);(5;0.022593);(6;0.010001);(9;0.026893);(15;0.013766);(27;0.014384)
(0;0.582374);(1;0.279538);(4;0.032028);(8;0.018581);(16;0.037968);(18;0.031184)
(0;0.116191);(1;0.546667);(2;0.010621);(3;0.255609);(4;0.027841);(19;0.019883)
(0;0.039793);(1;0.174978);(3;0.015331);(4;0.742929)
(0;0.171475);(1;0.048232);(2;0.239132);(3;0.52378)
(0;0.475506);(1;0.294861);(4;0.144619);(7;0.013479);(14;0.024892);(16;0.010037);(42;0.011458)
(0;0.053364);(1;0.833044);(2;0.010159);(11;0.019788);(32;0.053242)
(0;0.098034);(1;0.221716);(2;0.029821);(3;0.547956);(6;0.014595);(9;0.026781);(20;0.024657);(29;0.016545)
(0;0.744856);(1;0.086259);(4;0.059659);(7;0.023881);(8;0.06811)
(0;0.416956);(1;0.102874);(4;0.010047);(5;0.43201);(11;0.020832)
(0;0.576376);(1;0.23427);(2;0.053137);(5;0.011437);(7;0.016548);(15;0.032544);(23;0.010753);(33;0.026007);(37;0.012034)
(0;0.147463);(1;0.729057);(2;0.030981);(4;0.042534);(10;0.018994)
(0;0.789617);(1;0.120758);(2;0.028935);(3;0.032604)
(0;0.054197);(1;0.297937);(2;0.087518);(3;0.495115);(7;0.015221);(12;0.018641)
(0;0.643168);(1;0.264833);(2;0.0563);(4;0.013579)
(0;0.479029);(1;0.05136);(3;0.366852);(4;0.030306);(13;0.017342);(21;0.025539)
(0;0.927824);(1;0.018196);(18;0.011348);(21;0.020493)
(0;0.769211);(1;0.015596);(12;0.012597);(17;0.065359);(19;0.016165);(21;0.034501);(24;0.057441)
(0;0.063926);(1;0.648545);(3;0.239209);(20;0.014239)
(0;0.065358);(1;0.222414);(2;0.099309);(3;0.422705);(4;0.168047)
(0;0.352299);(1;0.398613);(3;0.099687);(5;0.070933);(6;0.013174);(22;0.023326)
(0;0.846696);(1;0.031368);(2;0.069066);(4;0.011803);(52;0.017335)
(0;0.770489);(1;0.036421);(6;0.067526);(18;0.086767);(28;0.011974)
(0;0.461063);(1;0.029247);(2;0.385236);(4;0.034179);(25;0.033071);(28;0.013007);(33;0.031109)
(0;0.067045);(1;0.584293);(3;0.172211);(4;0.044854);(9;0.02095);(12;0.021312);(13;0.025074);(16;0.015197);(36;0.026467)
(0;0.909886);(1;0.014772);(11;0.019084);(19;0.018006);(22;0.016782)
(0;0.674621);(1;0.020579);(2;0.020657);(3;0.014754);(10;0.021907);(18;0.117498);(28;0.065598);(31;0.035563)
(0;0.06385);(1;0.601708);(2;0.137138);(3;0.102357);(4;0.051565)
(0;0.703127);(1;0.019616);(4;0.016636);(6;0.061092);(12;0.016239);(18;0.026489);(21;0.028821);(28;0.041206);(37;0.023166);(85;0.018732)
(0;0.573303);(1;0.023058);(3;0.344036);(9;0.014499);(10;0.023177)
(0;0.236518);(1;0.019425);(2;0.18066);(3;0.470218);(19;0.032308);(22;0.023914)
(0;0.074431);(1;0.804633);(2;0.037103);(3;0.022416);(6;0.013661);(18;0.016049)
(0;0.422395);(1;0.052688);(2;0.135295);(3;0.236468);(5;0.011178);(6;0.015694);(9;0.013527);(18;0.047941);(24;0.019789)
(0;0.218226);(1;0.02303);(2;0.685772);(18;0.020858);(28;0.014806);(36;0.012876)
(0;0.039035);(1;0.046429);(3;0.5675);(4;0.271138);(9;0.026128);(10;0.012068)
(0;0.763996);(1;0.157272);(7;0.010301);(26;0.014305);(41;0.023854)
(0;0.043309);(1;0.129101);(2;0.598906);(3;0.132118);(10;0.019461);(13;0.033129);(26;0.018022)
(0;0.081596);(1;0.417664);(4;0.202737);(9;0.229783);(10;0.011889);(23;0.019391)
(0;0.739129);(1;0.036772);(2;0.150494);(3;0.018505);(19;0.020346);(20;0.011465)
(0;0.079741);(1;0.172479);(2;0.718587);(32;0.013383)
(0;0.051692);(1;0.534762);(2;0.058941);(3;0.285279);(4;0.032187);(10;0.016654)
(0;0.221003);(1;0.550879);(2;0.149702);(5;0.010733);(17;0.029025);(23;0.015377)
(0;0.732477);(1;0.061336);(2;0.181702)
(0;0.032933);(1;0.022916);(2;0.013016);(4;0.894619);(12;0.01507)
(0;0.037664);(1;0.716316);(2;0.057611);(3;0.017757);(4;0.119302);(16;0.013865);(23;0.012169)
(0;0.041893);(1;0.451995);(2;0.013507);(4;0.387464);(8;0.041863);(13;0.0233);(39;0.013672)
(0;0.800132);(1;0.098965);(2;0.02004);(4;0.02067);(5;0.012729);(28;0.02132)
(0;0.201623);(1;0.454188);(2;0.229531);(3;0.066205);(4;0.028207)
(0;0.030879);(1;0.552689);(3;0.078797);(4;0.116471);(10;0.163933);(11;0.032731)
(0;0.069441);(1;0.032424);(3;0.510169);(4;0.022556);(48;0.350377)
(0;0.313007);(1;0.546944);(2;0.043577);(23;0.026737);(40;0.017031);(43;0.017397)
(0;0.058176);(1;0.08507);(2;0.090404);(3;0.747648)
(0;0.024449);(1;0.032952);(2;0.846672);(16;0.058991);(23;0.011392)
(0;0.634812);(1;0.082072);(2;0.018231);(5;0.189902);(8;0.017444);(9;0.010157);(13;0.023338)
(0;0.907801);(1;0.027609);(5;0.033626)
(0;0.0706);(1;0.370448);(2;0.025645);(3;0.515103)
(0;0.03351);(1;0.472219);(2;0.107538);(4;0.013927);(7;0.056948);(12;0.022385);(16;0.158059);(21;0.012345);(23;0.029928);(40;0.04935);(50;0.019571)
(0;0.044122);(1;0.825745);(2;0.013553);(4;0.027979);(7;0.032495);(16;0.022838)
(0;0.839215);(1;0.025854);(4;0.019899);(5;0.043267);(17;0.01316);(30;0.039367)
(0;0.090268);(1;0.634176);(2;0.123253);(5;0.056335);(7;0.018929);(10;0.053963)
(0;0.035536);(1;0.080405);(2;0.768599);(4;0.051971);(24;0.021256)
(0;0.393372);(1;0.016194);(2;0.544179);(8;0.018821);(30;0.012667)
(0;0.579952);(1;0.324606);(2;0.010662);(4;0.014525);(11;0.021331);(21;0.016637)
(0;0.941032);(1;0.028628);(4;0.011237)
(0;0.648874);(1;0.147355);(2;0.046745);(12;0.1308)
(0;0.122055);(1;0.016661);(4;0.78076);(49;0.024512);(61;0.012507);(89;0.022311)
(0;0.103446);(1;0.230216);(3;0.167779);(4;0.473669)
(0;0.725136);(1;0.10107);(4;0.025805);(5;0.017926);(6;0.029482);(22;0.038611);(28;0.032935)
(0;0.723518);(1;0.049632);(2;0.029094);(6;0.023312);(8;0.018247);(15;0.016488);(19;0.061438);(35;0.022464);(36;0.011028);(38;0.016526)
(0;0.04129);(1;0.2433);(2;0.208119);(3;0.320878);(4;0.030381);(5;0.019485);(7;0.065087);(34;0.051608)
(0;0.119533);(1;0.036768);(3;0.40779);(4;0.335533);(12;0.014615);(15;0.066941)
(0;0.036983);(1;0.546889);(3;0.015819);(4;0.176613);(7;0.043125);(9;0.011009);(10;0.099624);(11;0.024573);(12;0.017126)
(0;0.060037);(1;0.678632);(2;0.126054);(10;0.046479);(22;0.027562);(26;0.036928)
(0;0.323215);(1;0.44796);(2;0.08278);(3;0.090442);(8;0.034724)
(0;0.922589);(1;0.01343);(18;0.026749);(28;0.011269)
(0;0.873632);(1;0.033567);(2;0.033763);(3;0.016264);(4;0.016711)
(0;0.073591);(1;0.095579);(3;0.193372);(4;0.60268);(11;0.017619)
(0;0.034596);(1;0.193551);(3;0.172472);(4;0.541511);(7;0.012283);(13;0.01734)
(0;0.904486);(1;0.020876);(22;0.034463)
(0;0.026625);(1;0.713944);(2;0.200757);(3;0.018662);(34;0.012949)
(0;0.095455);(1;0.388325);(2;0.037639);(3;0.054508);(4;0.357937);(5;0.01268);(9;0.012912);(14;0.020582)
(0;0.04592);(1;0.035714);(2;0.014189);(4;0.855209);(23;0.021548)
(0;0.393289);(1;0.036083);(2;0.553451)
(0;0.176466);(1;0.036413);(4;0.767725)
(0;0.913846);(1;0.01262);(28;0.020628);(31;0.016387)
(0;0.045915);(1;0.348675);(2;0.012233);(3;0.178498);(4;0.319452);(8;0.024091);(11;0.048649)
(0;0.568071);(1;0.363836);(5;0.038268)
(0;0.4668);(1;0.037515);(2;0.382598);(6;0.03337);(9;0.03694);(23;0.027546)
(0;0.895995);(1;0.019687);(2;0.03128);(19;0.013232);(22;0.017172)
(0;0.152313);(1;0.485968);(2;0.130614);(3;0.022706);(5;0.189009)
(0;0.08147);(1;0.046703);(2;0.739928);(4;0.014502);(5;0.062864);(8;0.011549);(16;0.017379)
(0;0.040545);(1;0.158489);(2;0.030718);(3;0.744884)
(0;0.538671);(1;0.048105);(2;0.345556);(19;0.043233)
(0;0.043866);(1;0.055811);(2;0.072062);(3;0.762585);(7;0.012758);(14;0.012206);(19;0.021083)
(0;0.098918);(1;0.542136);(3;0.262813);(10;0.04555);(26;0.019876)
(0;0.04028);(1;0.067517);(2;0.114306);(3;0.156686);(4;0.57607);(7;0.015577);(10;0.011059)
(0;0.067733);(1;0.128497);(4;0.766938);(11;0.013955)
(0;0.035896);(1;0.046439);(2;0.343879);(4;0.447912);(13;0.025012);(16;0.0467);(20;0.032406)
(0;0.788286);(1;0.027684);(2;0.063609);(6;0.027889);(10;0.018695);(19;0.053459)
(0;0.934487);(1;0.032914)
(0;0.31104);(1;0.069232);(2;0.120242);(4;0.433075);(9;0.028786);(23;0.015349)
(0;0.046453);(1;0.038199);(3;0.188243);(4;0.667863);(9;0.019198);(10;0.016933)
(0;0.603112);(1;0.06336);(3;0.230496);(4;0.017224);(15;0.040443);(28;0.028698)
(0;0.404074);(1;0.061198);(2;0.022129);(3;0.316392);(6;0.151563);(7;0.017994)
(0;0.048378);(1;0.061553);(2;0.013644);(3;0.017972);(4;0.810723);(17;0.033136)
(0;0.056904);(1;0.061174);(2;0.740496);(3;0.099081);(4;0.015344);(20;0.01108)
(0;0.622804);(1;0.230433);(3;0.050698);(5;0.032725);(6;0.015978);(37;0.01593)
(0;0.678761);(1;0.033869);(3;0.053872);(4;0.172293);(14;0.018067);(21;0.019457)
(0;0.035125);(1;0.240974);(2;0.042837);(4;0.659614)
(0;0.032801);(1;0.393043);(2;0.030448);(4;0.523797)
(0;0.082595);(1;0.28253);(2;0.137733);(3;0.139583);(4;0.3387)
(0;0.17999);(1;0.052556);(2;0.51576);(3;0.012949);(4;0.211589)
(0;0.108858);(1;0.054417);(4;0.821221)
(0;0.079435);(1;0.074965);(3;0.63252);(9;0.089846);(10;0.018086);(11;0.046161);(19;0.012606);(30;0.015851)
(0;0.061999);(1;0.108277);(3;0.801927)
(0;0.047243);(1;0.136348);(2;0.559124);(3;0.129291);(4;0.063962);(8;0.022416);(10;0.016476)
(0;0.041562);(1;0.126542);(2;0.073107);(3;0.045994);(4;0.646989);(11;0.022774);(25;0.010753);(34;0.012344)
(0;0.073926);(1;0.555644);(2;0.017284);(3;0.192542);(4;0.119187);(6;0.021054)
(0;0.170839);(1;0.251952);(3;0.051603);(11;0.501873)
(0;0.046782);(1;0.173093);(2;0.487251);(3;0.206155);(4;0.062105)
(0;0.055853);(1;0.176693);(2;0.425794);(3;0.042654);(4;0.172405);(16;0.011068);(20;0.018347);(23;0.052507);(34;0.01787);(78;0.013041)
(0;0.185108);(1;0.661387);(4;0.055135);(6;0.043005);(8;0.024627)
(0;0.809636);(1;0.064158);(2;0.013491);(4;0.024278);(6;0.01376);(10;0.011344);(43;0.044199)
(0;0.036613);(1;0.340318);(2;0.481916);(3;0.090739);(26;0.026389)
(0;0.416717);(1;0.310974);(2;0.180156);(4;0.027295);(11;0.022237);(17;0.026111)
(0;0.751489);(1;0.078697);(4;0.100018);(6;0.020673);(14;0.019899)
(0;0.275432);(1;0.03944);(2;0.418517);(5;0.03275);(8;0.022096);(14;0.019796);(18;0.049661);(22;0.016108);(25;0.014972);(42;0.050985);(46;0.026147)
(0;0.055196);(1;0.132438);(2;0.252846);(3;0.474245);(4;0.056131);(20;0.011563)
(0;0.241727);(1;0.266529);(3;0.267619);(4;0.13409);(6;0.070025)
(0;0.142909);(1;0.522328);(2;0.121927);(3;0.068292);(4;0.05165);(5;0.022751);(9;0.016639);(10;0.020913)
(0;0.31142);(1;0.309034);(2;0.288398);(3;0.075329)
(0;0.145505);(1;0.022839);(2;0.026696);(3;0.767949);(19;0.018239)
(0;0.064778);(1;0.891459);(29;0.013867);(54;0.012043)
(0;0.79838);(1;0.019627);(3;0.02187);(11;0.020899);(24;0.072018);(29;0.026587)
(0;0.861195);(1;0.020634);(3;0.014465);(4;0.018643);(22;0.01217);(24;0.012556);(25;0.03068)
(0;0.134166);(1;0.507322);(2;0.104587);(3;0.086121);(4;0.1294);(17;0.010196);(29;0.012388)
(0;0.068317);(1;0.756067);(2;0.077991);(3;0.075439)
(0;0.702948);(1;0.023449);(2;0.064208);(3;0.077521);(4;0.017936);(6;0.023467);(18;0.010853);(28;0.03114);(35;0.011946)
(0;0.372059);(1;0.02346);(2;0.559526);(12;0.021184)
(0;0.069709);(1;0.503302);(2;0.024505);(4;0.169245);(6;0.021869);(7;0.02116);(9;0.095757);(12;0.010372);(14;0.043039);(16;0.019983)
(0;0.285871);(1;0.062664);(2;0.107096);(3;0.017187);(4;0.010981);(8;0.466536);(15;0.011313);(37;0.018671)
(0;0.95309);(1;0.014687)
(0;0.833247);(1;0.076534);(3;0.023601);(7;0.013756);(21;0.023756)
(0;0.034489);(1;0.493641);(2;0.288386);(3;0.054696);(5;0.02088);(11;0.018616);(26;0.059245)
(0;0.734131);(1;0.097772);(8;0.03435);(18;0.090687);(33;0.013097)
(0;0.042992);(1;0.404657);(2;0.031428);(4;0.280809);(7;0.014892);(9;0.060166);(16;0.084976);(21;0.021225);(34;0.018103);(38;0.018728)
(0;0.405257);(1;0.040544);(5;0.492789);(19;0.025063);(48;0.0109)
(0;0.054012);(1;0.396364);(3;0.240216);(4;0.266954);(8;0.020183)
(0;0.181741);(1;0.56684);(3;0.028584);(4;0.01682);(5;0.060137);(8;0.035127);(9;0.011516);(17;0.039356);(24;0.011943);(36;0.010878);(43;0.014859)
(0;0.041592);(1;0.050878);(2;0.015545);(7;0.788389);(17;0.024563);(20;0.035215)
(0;0.040829);(1;0.023781);(3;0.898871);(27;0.012874)
(0;0.408983);(1;0.505073);(3;0.018003);(6;0.023529);(21;0.015556)
(0;0.149719);(1;0.133087);(2;0.131085);(3;0.474174);(6;0.058883);(10;0.014565);(16;0.016178)
(0;0.693276);(1;0.064946);(2;0.108062);(3;0.065365);(13;0.022388);(17;0.015669)
(0;0.20275);(1;0.088222);(2;0.025388);(3;0.043596);(6;0.583629);(11;0.032906)
(0;0.057716);(1;0.053962);(2;0.792088);(3;0.063278);(6;0.021451)
(0;0.448014);(1;0.309985);(3;0.059278);(5;0.05989);(14;0.059338);(19;0.041049)
(0;0.071303);(1;0.770364);(2;0.026937);(3;0.017136);(4;0.064191);(8;0.014201)
(0;0.127049);(1;0.488922);(2;0.167345);(3;0.118019);(4;0.023794);(9;0.019915);(15;0.036319)
(0;0.272146);(1;0.238929);(3;0.256358);(4;0.090295);(17;0.076405);(18;0.042619)
(0;0.886124);(1;0.016692);(8;0.06313);(14;0.012324)
(0;0.038605);(1;0.763232);(2;0.063408);(4;0.024352);(10;0.017012);(16;0.022591);(21;0.012235);(39;0.032165)
(0;0.045766);(1;0.129577);(2;0.110999);(3;0.63658);(12;0.028272);(34;0.025527)
(0;0.127258);(1;0.597412);(2;0.113652);(4;0.049808);(8;0.046792);(13;0.012123);(16;0.011718);(29;0.020136)
(0;0.038126);(1;0.139673);(2;0.654511);(3;0.090774);(8;0.015325);(10;0.043078)
(0;0.067014);(1;0.027675);(3;0.735212);(4;0.082651);(7;0.022812);(14;0.021645);(38;0.018186)
(0;0.890951);(1;0.032842);(6;0.017762);(19;0.025635)
(0;0.726064);(1;0.092081);(4;0.033789);(9;0.023304);(18;0.039908);(25;0.035973);(45;0.024875)
(0;0.585268);(1;0.012327);(4;0.10026);(7;0.01484);(11;0.021663);(13;0.043682);(17;0.037269);(24;0.016161);(28;0.020536);(31;0.025789);(36;0.021105);(56;0.014235);(70;0.013836);(72;0.025255);(81;0.018486)
(0;0.905736);(1;0.018319);(17;0.029887);(21;0.013359)
(0;0.052893);(1;0.024278);(3;0.901924)
(0;0.075738);(1;0.237286);(2;0.32286);(3;0.349848)
(0;0.503076);(1;0.250556);(2;0.074375);(3;0.067644);(4;0.014692);(7;0.016544);(8;0.013847);(10;0.030483)
(0;0.051254);(1;0.203562);(3;0.703702)
(0;0.651915);(1;0.015841);(2;0.04647);(3;0.157654);(9;0.025115);(25;0.018912);(28;0.016014);(38;0.02248)
(0;0.104375);(1;0.365312);(2;0.028903);(3;0.292093);(4;0.065786);(7;0.119933)
(0;0.194889);(1;0.116631);(2;0.603646);(7;0.026302);(11;0.022257);(17;0.012071)
(0;0.034589);(1;0.657846);(2;0.108141);(3;0.178054)
(0;0.154293);(1;0.66386);(2;0.121069);(26;0.012925)
(0;0.023728);(1;0.734337);(2;0.194235);(3;0.020897);(25;0.010929)
(0;0.097571);(1;0.786539);(2;0.010461);(4;0.027724);(29;0.041695)
(0;0.296811);(1;0.202012);(2;0.285935);(4;0.044697);(5;0.057581);(8;0.017376);(20;0.011905);(21;0.015839);(26;0.031715);(32;0.012482)
(0;0.036879);(1;0.279877);(2;0.257683);(3;0.068796);(4;0.224634);(7;0.047827);(26;0.045322);(40;0.020428)
(0;0.029007);(1;0.109401);(4;0.832996)
(0;0.928394);(1;0.032248);(10;0.012295)
(0;0.883161);(1;0.032689);(2;0.046825);(18;0.015578)
(0;0.784079);(1;0.033321);(2;0.028988);(3;0.061041);(19;0.070801)
(0;0.924467);(1;0.025567);(16;0.011459);(19;0.01408)
(0;0.473406);(1;0.041729);(2;0.051167);(4;0.246058);(6;0.076394);(8;0.014195);(12;0.063814);(18;0.011697)
(0;0.902811);(1;0.034292);(4;0.043155)
(0;0.933995);(1;0.022886);(18;0.01498)
(0;0.64754);(1;0.074827);(2;0.086198);(3;0.03383);(7;0.057381);(8;0.014526);(12;0.014488);(21;0.02829);(22;0.020357)
(0;0.4511);(1;0.026036);(2;0.496305)
(0;0.06885);(1;0.034716);(3;0.852869);(11;0.015421)
(0;0.042974);(1;0.177344);(2;0.07854);(5;0.662364);(10;0.017359)
(0;0.676599);(1;0.147127);(2;0.060181);(3;0.020276);(6;0.053127);(14;0.013178);(22;0.011079)
(0;0.526725);(1;0.019268);(2;0.30563);(5;0.047149);(17;0.023766);(19;0.02251);(21;0.023209);(24;0.010451)
(0;0.302003);(1;0.026097);(2;0.02672);(3;0.603508);(6;0.014733)
(0;0.733422);(1;0.025648);(2;0.010117);(3;0.068212);(5;0.023647);(11;0.04461);(18;0.026441);(24;0.025152);(35;0.010544)
(0;0.140468);(1;0.506174);(2;0.112059);(4;0.185977);(18;0.020736);(21;0.011472)
(0;0.040673);(1;0.305884);(2;0.252955);(3;0.289893);(10;0.081987)
(0;0.818544);(1;0.018167);(2;0.088442);(5;0.01226);(29;0.036199)
(0;0.45405);(1;0.333139);(2;0.025922);(3;0.04958);(9;0.015881);(12;0.012479);(13;0.027029);(15;0.022274);(19;0.013472);(37;0.016711)
(0;0.199602);(1;0.015828);(2;0.757545)
(0;0.674898);(1;0.179958);(3;0.051265);(4;0.013226);(6;0.02964);(10;0.013169);(12;0.011068)
(0;0.873365);(1;0.024354);(2;0.050921);(10;0.027728)
(0;0.127706);(1;0.080065);(2;0.035878);(3;0.729533)
(0;0.382263);(1;0.450686);(3;0.081728);(19;0.035352);(32;0.013977)
(0;0.09117);(1;0.229278);(2;0.5825);(3;0.033035);(4;0.044133)
(0;0.454949);(1;0.329223);(2;0.141501);(3;0.02581);(14;0.028626)
(0;0.445922);(1;0.427328);(2;0.051394);(5;0.022345);(42;0.022324)
(0;0.641965);(1;0.066326);(2;0.066842);(3;0.16415);(11;0.014488);(16;0.020835)
(0;0.305096);(1;0.275541);(2;0.348755);(7;0.010539);(12;0.013213);(21;0.017797)
(0;0.915357);(1;0.016988);(5;0.024429);(22;0.015272)
(0;0.05689);(1;0.706256);(2;0.051114);(10;0.119285);(22;0.017499);(26;0.013408)
(0;0.113241);(1;0.460101);(3;0.094756);(4;0.075375);(9;0.088494);(10;0.08569);(11;0.033664);(23;0.012279)
(0;0.031049);(1;0.614409);(2;0.266504);(22;0.020844);(34;0.039264)
(0;0.920844);(1;0.018122);(6;0.016795)
(0;0.339081);(1;0.158982);(2;0.049135);(3;0.394376);(6;0.021088);(7;0.017067)
(0;0.320018);(1;0.274461);(2;0.141909);(4;0.134822);(5;0.018752);(11;0.033751);(14;0.02764);(21;0.029597)
(0;0.07333);(1;0.200484);(2;0.279663);(3;0.372665);(10;0.021453);(27;0.029852)
(0;0.416331);(1;0.321469);(3;0.05349);(4;0.103615);(8;0.017702);(15;0.01078);(22;0.017754);(23;0.021588);(24;0.01431)
(0;0.063264);(1;0.026881);(4;0.855337);(9;0.016902);(11;0.015953)
(0;0.046153);(1;0.119073);(2;0.783772);(3;0.014952);(34;0.015191)
(0;0.756314);(1;0.15735);(3;0.028187);(4;0.014459);(11;0.013646);(18;0.01058)
(0;0.88161);(1;0.022213);(6;0.012677);(7;0.013485);(17;0.014853);(32;0.014151)
(0;0.867975);(1;0.022175);(2;0.03086);(8;0.062737)
(0;0.788998);(1;0.035093);(3;0.032135);(18;0.021114);(28;0.016093);(35;0.014012);(42;0.015915);(45;0.013962);(48;0.026855)
(0;0.146456);(1;0.107507);(2;0.017806);(3;0.04722);(4;0.657099)
(0;0.194587);(1;0.153879);(3;0.416341);(6;0.034025);(7;0.095513);(8;0.022883);(9;0.021935);(11;0.032119);(12;0.010817)
(0;0.93683);(1;0.016571);(7;0.01611)
(0;0.784648);(1;0.040513);(4;0.026596);(17;0.013227);(18;0.04905);(28;0.042414);(32;0.015192)
(0;0.314133);(1;0.024104);(2;0.636251)
(0;0.964376);(1;0.015375)
(0;0.70633);(1;0.030306);(2;0.137466);(3;0.032812);(5;0.014459);(6;0.027433);(15;0.023739)
(0;0.118504);(1;0.725105);(2;0.097617);(6;0.036217)
(0;0.095696);(1;0.432375);(2;0.39977);(6;0.018661);(10;0.030683)
(0;0.72892);(1;0.055893);(2;0.172689);(33;0.010691);(46;0.013302)
(0;0.362407);(1;0.380657);(2;0.029153);(3;0.046525);(4;0.082614);(7;0.021318);(8;0.012942);(11;0.022907)
(0;0.084979);(1;0.057837);(2;0.01418);(3;0.725105);(11;0.070284);(16;0.023145)
(0;0.026923);(1;0.653858);(2;0.13145);(3;0.13898);(5;0.013884);(15;0.015186)
(0;0.034288);(1;0.03636);(2;0.116898);(3;0.790223)
(0;0.111845);(1;0.786847);(2;0.012372);(3;0.018171);(4;0.020518);(6;0.023473)
(0;0.072087);(1;0.018479);(2;0.852723);(3;0.025848);(16;0.011161)
(0;0.775353);(1;0.098488);(3;0.02226);(4;0.057533);(18;0.014509);(32;0.012063)
(0;0.816966);(1;0.014673);(9;0.033117);(18;0.098976);(21;0.016989)
(0;0.027909);(1;0.062199);(2;0.016994);(4;0.84575);(11;0.015044);(13;0.01146)
(0;0.822366);(1;0.014198);(2;0.060999);(16;0.019227);(19;0.016301);(28;0.036363);(32;0.013983)
(0;0.034175);(1;0.89469);(6;0.012382);(25;0.01192);(67;0.010061)
(0;0.041538);(1;0.199123);(2;0.197686);(3;0.310569);(4;0.164682);(8;0.033169);(10;0.028014)
(0;0.367818);(1;0.024759);(2;0.493622);(5;0.010992);(19;0.031837);(22;0.021771);(24;0.013837);(36;0.016789)
(0;0.666433);(1;0.154489);(2;0.026686);(4;0.042142);(18;0.039204);(28;0.037693);(33;0.011879)
(0;0.059723);(1;0.635497);(2;0.099888);(3;0.172863)
(0;0.041184);(1;0.712605);(2;0.031711);(3;0.099935);(4;0.0457);(9;0.02057);(16;0.010756);(45;0.013073)
(0;0.925258);(1;0.019221);(27;0.01169)
(0;0.0383);(1;0.291289);(2;0.159578);(3;0.450794);(5;0.020231);(9;0.011368)
(0;0.035109);(1;0.016728);(4;0.820832);(48;0.104287)
(0;0.06139);(1;0.591224);(2;0.176902);(3;0.07476);(5;0.035783);(10;0.011707);(22;0.021924)
(0;0.046835);(1;0.890639);(3;0.03804)
(0;0.101581);(1;0.126194);(2;0.687647);(4;0.065307)
(0;0.262578);(1;0.06612);(2;0.182895);(3;0.377984);(13;0.027217);(21;0.033055);(22;0.011375);(48;0.01441)
(0;0.160884);(1;0.081289);(2;0.70198);(11;0.026331)
(0;0.028976);(1;0.782559);(4;0.145226)
(0;0.031595);(1;0.82512);(2;0.075964);(6;0.0289);(19;0.013213)
(0;0.075248);(1;0.072656);(2;0.740993);(5;0.011175);(10;0.045365);(26;0.027616)
(0;0.523237);(1;0.341397);(4;0.049336);(14;0.028553);(30;0.021326)
(0;0.088832);(1;0.236717);(2;0.347305);(3;0.1462);(4;0.0721);(8;0.067127);(9;0.020715)
(0;0.03878);(1;0.058713);(3;0.020876);(4;0.808887);(12;0.016034);(13;0.026724)
(0;0.113945);(1;0.237116);(2;0.416964);(3;0.021977);(4;0.078276);(7;0.020119);(12;0.024675);(13;0.019529);(21;0.027723);(45;0.024295)
(0;0.053757);(1;0.297693);(2;0.036691);(3;0.520523);(4;0.051671);(12;0.018179)
(0;0.041837);(1;0.062937);(3;0.75046);(4;0.07759);(30;0.039963)
(0;0.533248);(1;0.260451);(2;0.107051);(3;0.063921)
(0;0.262015);(1;0.179451);(2;0.047652);(3;0.358056);(4;0.078824);(7;0.032882);(8;0.013661)
(0;0.332437);(1;0.054136);(2;0.106167);(3;0.257797);(4;0.192723);(5;0.019971);(18;0.024632)
(0;0.680468);(1;0.03189);(2;0.011914);(4;0.078193);(11;0.085795);(13;0.022574);(22;0.012022);(24;0.022555);(32;0.025035)
(0;0.759252);(1;0.165337);(7;0.042595);(33;0.012217)
(0;0.1305);(1;0.139515);(2;0.012877);(3;0.391645);(4;0.258248);(5;0.04194)
(0;0.332966);(1;0.190362);(2;0.137403);(3;0.158216);(4;0.082784);(9;0.01532);(10;0.010693);(21;0.016403);(69;0.019019)
(0;0.406264);(1;0.055526);(4;0.522683)
(0;0.10394);(1;0.551497);(2;0.070272);(3;0.129372);(4;0.108367);(20;0.017399)
(0;0.903552);(1;0.011161);(8;0.011767);(18;0.022348);(28;0.015215)
(0;0.77396);(1;0.066054);(2;0.08374);(3;0.033643);(11;0.01605)
(0;0.142732);(1;0.177233);(3;0.191717);(4;0.389393);(10;0.015196);(11;0.06139)
(0;0.628258);(1;0.239647);(2;0.01834);(3;0.015756);(9;0.010012);(13;0.022659);(18;0.044214)
(0;0.182059);(1;0.012368);(4;0.653466);(5;0.016308);(6;0.032465);(50;0.034541);(60;0.021465)
(0;0.459518);(1;0.45889);(4;0.049486)
(0;0.913084);(1;0.04512);(17;0.013043)
(0;0.607338);(1;0.357407);(18;0.011665)
(0;0.532845);(1;0.076063);(2;0.149518);(3;0.066935);(5;0.022127);(18;0.013324);(25;0.01411);(39;0.014274);(42;0.06537);(48;0.024579)
(0;0.954719);(1;0.016095);(5;0.011882)
(0;0.037203);(1;0.808308);(4;0.068719);(11;0.040194);(34;0.011002)
(0;0.238008);(1;0.597798);(2;0.092399);(3;0.039595);(47;0.010436)
(0;0.886324);(1;0.06508);(2;0.026309)
(0;0.826707);(1;0.027628);(6;0.011281);(7;0.034162);(8;0.052366);(18;0.016273);(28;0.012523)
(0;0.848293);(1;0.014646);(5;0.01389);(6;0.028617);(19;0.067811)
(0;0.11332);(1;0.523647);(2;0.100346);(4;0.154827);(7;0.014618);(8;0.02553);(11;0.021683);(34;0.011998)
(0;0.927421);(1;0.014698);(7;0.015278);(15;0.024783)
(0;0.04215);(1;0.725572);(2;0.069952);(7;0.038371);(11;0.084695);(17;0.020958)
(0;0.037587);(1;0.018681);(2;0.826126);(4;0.101194)
(0;0.063283);(1;0.138852);(2;0.096983);(3;0.022884);(4;0.62605);(16;0.020046)
(0;0.495996);(1;0.429575);(14;0.023265);(18;0.018555)
(0;0.397386);(1;0.028048);(2;0.507142);(3;0.021064);(51;0.024106)
(0;0.029873);(1;0.696044);(3;0.015189);(4;0.159929);(7;0.066105);(14;0.011299)
(0;0.766622);(1;0.022842);(2;0.121497);(4;0.050959);(18;0.013611);(26;0.010968)
(0;0.868471);(1;0.014585);(4;0.020389);(6;0.01602);(8;0.022069);(25;0.017317)
(0;0.681498);(1;0.135778);(3;0.049656);(4;0.037121);(12;0.016111);(13;0.038982)
(0;0.038129);(1;0.816949);(2;0.123299)
(0;0.559262);(1;0.03745);(2;0.309693);(7;0.012356);(9;0.029756);(23;0.014834);(26;0.021994)
(0;0.20825);(1;0.19077);(2;0.533066);(5;0.014487);(12;0.017367);(20;0.012359)
(0;0.801403);(1;0.094082);(2;0.026697);(18;0.055622)
(0;0.424663);(1;0.180405);(2;0.129722);(3;0.03184);(4;0.079849);(7;0.09068);(16;0.033026);(35;0.011383)
(0;0.040208);(1;0.332383);(3;0.578041);(10;0.016122)
(0;0.905029);(1;0.013566);(21;0.024168);(24;0.011339);(31;0.018616)
(0;0.104423);(1;0.037376);(2;0.02418);(3;0.73264);(4;0.079844)
(0;0.029761);(1;0.426543);(2;0.077279);(3;0.018319);(4;0.290698);(7;0.055159);(11;0.028425);(20;0.048666)
(0;0.794552);(1;0.019966);(5;0.035966);(6;0.080753);(15;0.011382);(24;0.034495)
(0;0.035195);(1;0.186072);(2;0.681913);(4;0.049895);(8;0.022785)
(0;0.202668);(1;0.100656);(2;0.632606);(3;0.019596);(25;0.01588)
(0;0.911239);(1;0.016869);(2;0.03172)
(0;0.031139);(1;0.669227);(2;0.204463);(3;0.07323)
(0;0.036734);(1;0.042126);(3;0.82085);(4;0.079257)
(0;0.095555);(1;0.737953);(2;0.10759);(3;0.017541);(4;0.012446)
(0;0.080957);(1;0.187445);(2;0.035865);(3;0.423839);(4;0.044277);(6;0.050332);(7;0.107331);(8;0.034331);(45;0.015575)
(0;0.059732);(1;0.029821);(2;0.753513);(4;0.098783);(10;0.013509);(12;0.022246)
(0;0.042849);(1;0.027143);(2;0.911627)
(0;0.281766);(1;0.284404);(4;0.312155);(7;0.025316);(9;0.018829);(10;0.013829);(14;0.014633);(21;0.010191);(37;0.013149)
(0;0.044899);(1;0.134549);(2;0.604009);(3;0.125244);(4;0.035362);(16;0.034444)
(0;0.191766);(1;0.366935);(2;0.052556);(3;0.241863);(4;0.126214)
(0;0.289447);(1;0.13598);(2;0.142649);(3;0.348343);(5;0.053514);(18;0.013502)
(0;0.247134);(1;0.165856);(2;0.021274);(3;0.406472);(4;0.085129);(11;0.029921);(25;0.011534)
(0;0.245268);(1;0.285072);(2;0.234631);(3;0.152998);(7;0.02285);(12;0.012654);(21;0.028536)
(0;0.041388);(1;0.344822);(3;0.046356);(4;0.440045);(9;0.026203);(10;0.037228);(11;0.037904)
(0;0.781056);(1;0.018455);(2;0.082032);(19;0.01762);(24;0.082001)
(0;0.064362);(1;0.341873);(2;0.381065);(3;0.1762)
(0;0.523928);(1;0.312394);(2;0.013336);(3;0.043519);(4;0.030947);(8;0.029493);(13;0.017925)
(0;0.79077);(1;0.013787);(5;0.023935);(19;0.063168);(21;0.017196);(24;0.05144);(35;0.019834)
(0;0.223025);(1;0.359179);(2;0.311328);(3;0.051988);(4;0.034561)
(0;0.103912);(1;0.745987);(5;0.03209);(11;0.01135);(16;0.017255);(17;0.024566);(23;0.013883);(43;0.016328)
(0;0.096826);(1;0.032048);(3;0.028364);(4;0.825032)
(0;0.050967);(1;0.115565);(2;0.71619);(4;0.060342);(7;0.032799)
(0;0.923415);(1;0.01535);(2;0.023006)
(0;0.095898);(1;0.412103);(3;0.079212);(4;0.278727);(9;0.013445);(17;0.102881)
(0;0.263508);(1;0.417761);(2;0.216618);(3;0.049144);(10;0.011329);(51;0.01687)
(0;0.138584);(1;0.24453);(2;0.542311);(4;0.020892);(9;0.011352);(26;0.019915)
(0;0.296309);(1;0.573937);(2;0.052968);(21;0.0172);(30;0.014192);(39;0.014373)
(0;0.041529);(1;0.084148);(2;0.034049);(3;0.774583);(4;0.046343)
(0;0.037621);(1;0.17552);(2;0.155908);(3;0.147818);(4;0.455497);(39;0.013375)
(0;0.939451);(1;0.018979);(30;0.020753)
(0;0.762342);(1;0.046297);(2;0.06839);(6;0.015174);(13;0.037392);(18;0.030071)
(0;0.951397);(1;0.020879)
(0;0.320791);(1;0.514401);(2;0.112596);(6;0.016213);(21;0.010922)
(0;0.192971);(1;0.346424);(3;0.20082);(4;0.113189);(6;0.029522);(8;0.014896);(9;0.016038);(13;0.040779);(18;0.022186)
(0;0.124678);(1;0.655581);(2;0.124974);(3;0.032967);(5;0.02618);(10;0.013927)
(0;0.732598);(1;0.129158);(2;0.034707);(4;0.047875);(13;0.022908)
(0;0.403829);(1;0.369393);(2;0.106746);(3;0.03487);(14;0.015327);(27;0.016318);(46;0.017583)
(0;0.045272);(1;0.069423);(3;0.614748);(4;0.244471)
(0;0.437086);(1;0.253371);(2;0.017264);(3;0.046254);(4;0.186864);(6;0.012474);(13;0.029627)
(0;0.52249);(1;0.02343);(4;0.418086);(12;0.011852)
(0;0.854523);(1;0.123065)
(0;0.441687);(1;0.264065);(3;0.100137);(5;0.066327);(10;0.017879);(11;0.033684);(14;0.025146);(27;0.018867)
(0;0.422028);(1;0.024888);(2;0.396277);(3;0.029582);(5;0.082034);(19;0.01976);(21;0.010129)
(0;0.805773);(1;0.020658);(2;0.018826);(3;0.031483);(12;0.044862);(24;0.02259);(41;0.013233);(43;0.020589)
(0;0.52474);(1;0.087114);(2;0.249262);(3;0.032568);(18;0.086587)
(0;0.121584);(1;0.019207);(2;0.803477);(14;0.012143);(15;0.013452);(17;0.016018)
(0;0.786038);(1;0.022232);(18;0.158541);(47;0.015703)
(0;0.656543);(1;0.106574);(4;0.049724);(6;0.054976);(7;0.02064);(8;0.013302);(14;0.01934);(25;0.030941);(50;0.017022)
(0;0.715656);(1;0.049083);(2;0.08333);(3;0.010619);(4;0.045465);(8;0.025349);(21;0.011596);(36;0.019302);(38;0.011355)
(0;0.073648);(1;0.210937);(2;0.09568);(3;0.248686);(4;0.350338)
(0;0.928095);(1;0.021856);(19;0.023283)
(0;0.0448);(1;0.100671);(2;0.693677);(3;0.071702);(4;0.051246);(9;0.014494);(34;0.010689)
(0;0.696861);(1;0.039889);(4;0.058757);(12;0.041211);(18;0.012668);(23;0.020473);(24;0.012049);(28;0.012094);(34;0.016179);(49;0.027517);(58;0.018867)
(0;0.445631);(1;0.335255);(2;0.024035);(3;0.065206);(4;0.066004);(7;0.026324);(11;0.016161)
(0;0.274767);(1;0.053128);(2;0.470925);(4;0.031426);(17;0.018406);(18;0.038432);(23;0.022997);(36;0.015476);(42;0.035016);(82;0.024097)
(0;0.617499);(1;0.063463);(2;0.234768);(5;0.01179);(6;0.016692);(7;0.01047);(13;0.011987);(35;0.012248)
(0;0.810241);(1;0.033567);(19;0.03337);(22;0.013636);(24;0.023385);(31;0.015826);(37;0.020354)
(0;0.35231);(1;0.230563);(2;0.011584);(4;0.272013);(5;0.026796);(49;0.021503);(69;0.022366);(77;0.011218);(86;0.018198)
(0;0.054048);(1;0.05395);(2;0.366695);(3;0.271564);(4;0.134063);(8;0.028641);(10;0.036123);(11;0.034286)
(0;0.029083);(1;0.892164);(2;0.018685);(4;0.033176)
(0;0.793369);(1;0.089685);(6;0.027029);(8;0.016176);(15;0.01367);(18;0.010488);(21;0.025428)
(0;0.903437);(1;0.014468);(2;0.010625);(14;0.0101);(17;0.026495);(24;0.012867)
(0;0.042425);(1;0.243311);(2;0.044742);(3;0.573315);(7;0.037857);(10;0.03835)
(0;0.043973);(1;0.528154);(2;0.243576);(3;0.09413);(4;0.02621);(25;0.028229);(30;0.013099)
(0;0.036582);(1;0.081722);(2;0.038126);(4;0.761476);(11;0.04718);(43;0.014613)
(0;0.313818);(1;0.20132);(3;0.088698);(4;0.094503);(9;0.074396);(10;0.150446);(14;0.048747)
(0;0.720627);(1;0.030047);(19;0.02046);(24;0.120474);(31;0.019331);(43;0.021148);(70;0.022656);(93;0.020793)
(0;0.753919);(1;0.019978);(2;0.073623);(5;0.025857);(14;0.016299);(19;0.048948);(26;0.022068)
(0;0.231448);(1;0.228876);(2;0.028369);(3;0.029737);(4;0.197903);(8;0.019236);(9;0.133068);(10;0.029631);(11;0.061647);(14;0.017185)
(0;0.292863);(1;0.470083);(3;0.098724);(4;0.042554);(7;0.044565);(34;0.011855)
(0;0.079087);(1;0.845816);(3;0.028915);(20;0.015559)
(0;0.162524);(1;0.759294);(3;0.041723)
(0;0.068472);(1;0.682635);(2;0.088324);(3;0.119042);(7;0.019102)
(0;0.027913);(1;0.123334);(2;0.625509);(3;0.129712);(4;0.067093)
(0;0.526829);(1;0.321417);(2;0.090357);(10;0.015099);(22;0.010296);(45;0.018829)
(0;0.031253);(1;0.801577);(3;0.112769);(7;0.02984)
(0;0.299852);(1;0.50166);(2;0.025045);(3;0.031179);(4;0.031481);(6;0.036724);(12;0.014116);(14;0.03746)
(0;0.421005);(1;0.336859);(3;0.032259);(5;0.020662);(6;0.089397);(15;0.031594);(18;0.01089);(21;0.016446)
(0;0.737692);(1;0.127636);(2;0.02426);(3;0.029251);(5;0.032523);(17;0.017481);(19;0.012532)
(0;0.219371);(1;0.063574);(2;0.618134);(3;0.05619);(6;0.013011);(10;0.013476)
(0;0.912534);(1;0.014398);(6;0.023455);(18;0.013297)
(0;0.860011);(1;0.027704);(3;0.034312);(15;0.020187);(16;0.017531);(19;0.020311)
(0;0.866095);(1;0.0161);(5;0.024027);(8;0.010253);(22;0.057418)
(0;0.711704);(1;0.035327);(3;0.045325);(4;0.112102);(9;0.016809);(11;0.028768);(15;0.017672);(18;0.010983)
(0;0.724651);(1;0.04154);(2;0.07238);(3;0.135379)
(0;0.488155);(1;0.02683);(2;0.034716);(3;0.118792);(5;0.035292);(6;0.113097);(12;0.016541);(19;0.111692);(35;0.013423);(36;0.021761)
(0;0.243578);(1;0.014804);(4;0.698819);(43;0.025489)
(0;0.059961);(1;0.197557);(2;0.010435);(3;0.586211);(4;0.042383);(6;0.065097);(7;0.016311)
(0;0.030603);(1;0.025372);(4;0.903822);(11;0.012052)
(0;0.058453);(1;0.793696);(3;0.064374);(25;0.028075);(45;0.016359)
(0;0.937411);(1;0.01507);(4;0.013609);(19;0.011118)
(0;0.923585);(1;0.017622);(5;0.016134);(17;0.010238)
(0;0.168212);(1;0.279559);(2;0.390817);(4;0.034103);(20;0.026164);(30;0.023255);(33;0.027161);(97;0.026877)
(0;0.040851);(1;0.064904);(2;0.284155);(3;0.586569)
(0;0.109732);(1;0.242935);(2;0.086577);(3;0.011973);(4;0.482017);(6;0.011007);(13;0.023241);(39;0.010088)
(0;0.875311);(1;0.018595);(2;0.021687);(5;0.01066);(24;0.020499);(32;0.021511)
(0;0.502587);(1;0.112314);(2;0.072134);(4;0.114281);(6;0.047342);(8;0.035281);(12;0.085523)
(0;0.926225);(1;0.020643);(12;0.011216);(33;0.012341)
(0;0.794502);(1;0.110604);(7;0.01498);(17;0.043707);(39;0.011606)
(0;0.869217);(1;0.033551);(2;0.042946);(49;0.020102)
(0;0.905436);(1;0.013984);(24;0.019638);(47;0.019014)
(0;0.779221);(1;0.138312);(3;0.023319);(18;0.018684);(88;0.018751)
(0;0.042137);(1;0.204118);(2;0.715514);(27;0.016981)
(0;0.032188);(1;0.054988);(2;0.449577);(4;0.422749);(11;0.015481)
(0;0.207006);(1;0.178715);(3;0.556638);(9;0.010981);(19;0.015364)
(0;0.040539);(1;0.82967);(2;0.091867);(4;0.016481)
(0;0.455097);(1;0.372392);(3;0.102985);(7;0.018776);(31;0.021698)
(0;0.913549);(1;0.017725);(2;0.030951);(4;0.017537)
(0;0.10719);(1;0.247832);(2;0.247203);(3;0.261968);(8;0.020357);(10;0.013088);(14;0.038038);(15;0.02788);(36;0.010985)
(0;0.346799);(1;0.376883);(2;0.0352);(3;0.056054);(4;0.05344);(8;0.017734);(9;0.022406);(18;0.012823);(20;0.017668);(22;0.021915);(30;0.018286)
(0;0.267709);(1;0.024076);(2;0.66301);(5;0.011541)
(0;0.747601);(1;0.153371);(2;0.033433);(15;0.021651);(35;0.012671);(48;0.01189)
(0;0.042653);(1;0.603723);(2;0.193997);(3;0.063707);(4;0.026955);(5;0.019833);(11;0.015592)
(0;0.90889);(1;0.016456);(3;0.010085);(15;0.013522);(24;0.031059)
(0;0.03547);(1;0.391879);(2;0.084057);(3;0.467433)
(0;0.209234);(1;0.224877);(2;0.052452);(3;0.137344);(4;0.159158);(7;0.063795);(9;0.081068);(11;0.012633);(23;0.016951);(43;0.011973)
(0;0.121596);(1;0.822518);(8;0.011591);(24;0.010886)
(0;0.071361);(1;0.317008);(2;0.320417);(3;0.042861);(4;0.040615);(6;0.067612);(7;0.013538);(9;0.010661);(11;0.015599);(13;0.03233);(15;0.027862);(19;0.026517)
(0;0.481724);(1;0.127938);(2;0.105765);(3;0.085417);(4;0.038604);(5;0.060419);(9;0.015536);(40;0.015804);(48;0.039241)
(0;0.708652);(1;0.093362);(2;0.064164);(3;0.019861);(4;0.026196);(18;0.027137);(21;0.018141)
(0;0.085595);(1;0.647629);(2;0.114502);(3;0.018107);(4;0.07497);(11;0.019683);(43;0.011791)
(0;0.057426);(1;0.174132);(2;0.177629);(3;0.080883);(4;0.427796);(6;0.048428);(29;0.014938)
(0;0.041441);(1;0.185983);(2;0.091706);(3;0.613924);(10;0.044165)
(0;0.245385);(1;0.552434);(3;0.088405);(7;0.034686);(9;0.010015);(11;0.03639)
(0;0.045132);(1;0.049939);(2;0.235117);(3;0.094683);(4;0.556)
(0;0.213877);(1;0.271652);(2;0.083637);(3;0.339203);(9;0.032214);(10;0.018783)
(0;0.332746);(1;0.165999);(3;0.072635);(4;0.093431);(9;0.156147);(10;0.040185);(11;0.024445);(12;0.068333);(15;0.015597)
(0;0.024692);(1;0.200933);(2;0.679359);(5;0.017993);(26;0.031192);(32;0.010633)
(0;0.155836);(1;0.032037);(2;0.795638)
(0;0.76361);(1;0.017023);(3;0.191011);(7;0.011718)
(0;0.949454);(1;0.012685);(18;0.012354)
(0;0.668969);(1;0.045411);(2;0.159681);(4;0.031361);(11;0.030508);(16;0.018699);(18;0.019187)
(0;0.182724);(1;0.750265);(2;0.029852);(3;0.01385)
(0;0.097735);(1;0.12337);(2;0.010626);(3;0.729315);(4;0.014813)
(0;0.027569);(1;0.781636);(2;0.050735);(4;0.035425);(11;0.080743)
(0;0.058882);(1;0.162156);(2;0.663689);(3;0.088877);(26;0.012842)
(0;0.060569);(1;0.709693);(2;0.096472);(4;0.090432);(10;0.0106)
(0;0.925259);(1;0.020549);(4;0.022405);(18;0.01147)
(0;0.029464);(1;0.927179)
(0;0.025562);(1;0.034597);(3;0.052923);(4;0.829377);(16;0.025415)
(0;0.709246);(1;0.037488);(2;0.145366);(19;0.084086)
(0;0.092208);(1;0.794266);(2;0.01603);(5;0.037896);(19;0.023342)
(0;0.792169);(1;0.054095);(2;0.056036);(3;0.032844);(14;0.012603);(22;0.022639)
(0;0.749127);(1;0.065795);(2;0.04315);(3;0.02341);(4;0.02259);(5;0.012786);(7;0.029388);(11;0.017045);(23;0.012333)
(0;0.769266);(1;0.120795);(2;0.03445);(14;0.012034);(37;0.026598);(50;0.012404)
(0;0.028781);(1;0.630287);(2;0.014556);(3;0.027773);(4;0.246192);(23;0.028585)
(0;0.773645);(1;0.039988);(3;0.011259);(11;0.016517);(14;0.020705);(19;0.040107);(24;0.060957)
(0;0.197357);(1;0.333031);(2;0.178278);(3;0.167616);(8;0.015975);(23;0.010967);(30;0.07187)
(0;0.925559);(1;0.013547);(14;0.014438);(48;0.013867)
(0;0.384843);(1;0.350061);(2;0.036115);(3;0.075313);(4;0.122595);(42;0.013334)
(0;0.056378);(1;0.664785);(3;0.035275);(4;0.150187);(11;0.057844)
(0;0.137537);(1;0.472407);(2;0.143825);(3;0.083922);(4;0.063868);(9;0.046383);(13;0.011791);(19;0.024871)
(0;0.469569);(1;0.409455);(2;0.067684);(18;0.019696);(19;0.010103)
(0;0.041004);(1;0.188538);(2;0.066086);(3;0.144135);(4;0.522304);(39;0.014663)
(0;0.052221);(1;0.312437);(2;0.017174);(3;0.256173);(4;0.338237)
(0;0.024877);(1;0.200037);(2;0.570798);(4;0.116177);(9;0.012867);(10;0.022065);(39;0.014356);(62;0.021549)
(0;0.051123);(1;0.021076);(2;0.909632)
(0;0.747537);(1;0.137357);(6;0.019008);(8;0.037998);(10;0.01203)
(0;0.028319);(1;0.513935);(3;0.032257);(4;0.287783);(8;0.020062);(16;0.072559);(28;0.019677)
(0;0.086934);(1;0.884451)
(0;0.66778);(1;0.050532);(2;0.243741)
(0;0.098803);(1;0.597689);(2;0.072336);(3;0.152388);(8;0.010759);(13;0.024117);(34;0.012997)
(0;0.158148);(1;0.269902);(3;0.292747);(4;0.159409);(8;0.050296);(10;0.010087);(11;0.01341);(14;0.013954)
(0;0.775587);(1;0.094878);(4;0.025039);(5;0.027868);(11;0.016376);(24;0.020296);(98;0.017807)
(0;0.161057);(1;0.065175);(3;0.022474);(4;0.709386);(8;0.011682);(11;0.012561)
(0;0.819485);(1;0.04986);(2;0.067567);(30;0.033808);(33;0.011992)
(0;0.053804);(1;0.062645);(2;0.083967);(3;0.536366);(4;0.242633)
(0;0.038168);(1;0.281456);(3;0.050935);(4;0.552005);(10;0.014162);(26;0.038363)
(0;0.02173);(1;0.757857);(2;0.065081);(4;0.134414)
(0;0.475207);(1;0.078155);(3;0.39962);(5;0.023352)
(0;0.070548);(1;0.042381);(2;0.081795);(3;0.694593);(4;0.088363)
(0;0.388271);(1;0.34508);(2;0.121388);(3;0.027045);(5;0.09169)
(0;0.801456);(1;0.049954);(3;0.023452);(4;0.036307);(6;0.018736);(15;0.011486);(23;0.035901)
(0;0.037391);(1;0.555372);(4;0.046816);(5;0.016164);(7;0.08452);(13;0.162414);(16;0.015607);(17;0.014266);(21;0.013127);(92;0.019292)
(0;0.794976);(1;0.015445);(2;0.09678);(3;0.031923);(18;0.024414);(23;0.010344)
(0;0.515715);(1;0.366706);(2;0.075999);(15;0.016906)
(0;0.559625);(1;0.024613);(3;0.153159);(5;0.017179);(8;0.059655);(11;0.019676);(12;0.013433);(13;0.040742);(14;0.026124);(28;0.021389);(80;0.025986)
(0;0.941141);(1;0.024823);(32;0.010831)
(0;0.391008);(1;0.456308);(2;0.038053);(3;0.038459);(5;0.010111);(7;0.019242);(8;0.010252);(10;0.011165)
(0;0.053601);(1;0.16561);(2;0.041943);(3;0.651876);(9;0.037105);(23;0.024801)
(0;0.081383);(1;0.594456);(2;0.060029);(3;0.170107);(4;0.031506);(20;0.033058)
(0;0.200142);(1;0.627197);(2;0.103793);(3;0.034583);(19;0.011195)
(0;0.888606);(1;0.012461);(12;0.033455);(14;0.027035);(20;0.010294)
(0;0.624733);(1;0.288813);(2;0.043045);(8;0.010462)
(0;0.840663);(1;0.057275);(4;0.067722)
(0;0.748778);(1;0.116087);(2;0.081762);(6;0.011822);(25;0.010593)
(0;0.031713);(1;0.579159);(2;0.20441);(4;0.106734);(7;0.010603);(8;0.020655);(62;0.022132)
(0;0.916412);(1;0.018475);(4;0.012759);(6;0.031823)
(0;0.034457);(1;0.038522);(3;0.907202)
(0;0.052698);(1;0.080828);(3;0.085917);(4;0.734681);(10;0.023002)
(0;0.236344);(1;0.396883);(2;0.112352);(3;0.10274);(4;0.091024);(7;0.036556)
(0;0.541568);(1;0.131512);(2;0.134706);(3;0.160161);(7;0.011688)
(0;0.112868);(1;0.232574);(4;0.61388);(7;0.0117)
(0;0.867824);(1;0.014047);(5;0.021402);(15;0.016669);(17;0.018792);(18;0.032535)
(0;0.106526);(1;0.560767);(2;0.095769);(3;0.046086);(5;0.023693);(6;0.026016);(7;0.04075);(20;0.015673);(22;0.023751);(26;0.033448)
(0;0.049518);(1;0.079546);(3;0.832597);(27;0.013622)
(0;0.050054);(1;0.159812);(2;0.011234);(4;0.665952);(10;0.08321)
(0;0.058666);(1;0.342927);(2;0.151385);(3;0.315744);(5;0.034733);(10;0.053518);(26;0.018044)
(0;0.950455);(1;0.017952)
(0;0.078388);(1;0.016087);(4;0.873145)
(0;0.913072);(1;0.046973);(2;0.019169)
(0;0.587709);(1;0.079858);(2;0.121212);(3;0.033513);(4;0.025718);(9;0.013041);(15;0.014515);(21;0.021964);(23;0.01642);(42;0.030667);(50;0.015439)
(0;0.778887);(1;0.153112);(5;0.033901);(19;0.01421)
(0;0.047372);(1;0.388422);(4;0.46512);(21;0.053157)
(0;0.610111);(1;0.075434);(18;0.034322);(24;0.104421);(28;0.016355);(34;0.016819);(40;0.011272);(48;0.041891);(66;0.027073);(93;0.02587)
(0;0.433259);(1;0.288654);(2;0.193333);(8;0.021668);(18;0.021142);(27;0.026202)
(0;0.038463);(1;0.350957);(2;0.46122);(3;0.051687);(11;0.025587);(15;0.026427);(17;0.013374)
(0;0.034273);(1;0.542954);(2;0.02743);(3;0.204158);(4;0.162061)
(0;0.756863);(1;0.093539);(4;0.081766);(9;0.018881);(11;0.018229)
(0;0.141053);(1;0.035451);(2;0.729526);(4;0.033791);(8;0.022984);(16;0.016361)
(0;0.632829);(1;0.275209);(8;0.020864);(31;0.039737)
(0;0.1947);(1;0.68956);(2;0.078585);(9;0.013842)
(0;0.041361);(1;0.83266);(4;0.083836);(8;0.012034)
(0;0.856522);(1;0.060559);(17;0.017427);(21;0.023848)
(0;0.041027);(1;0.191101);(2;0.08736);(4;0.659294)
(0;0.955949);(1;0.016949)
(0;0.783704);(1;0.023134);(2;0.164035)
(0;0.803624);(1;0.039814);(2;0.051853);(5;0.029462);(19;0.028621);(22;0.027156)
(0;0.046325);(1;0.661542);(3;0.136078);(4;0.08622);(6;0.015838);(12;0.02936)
(0;0.289652);(1;0.291941);(3;0.057536);(4;0.154474);(7;0.034612);(9;0.054846);(10;0.015541);(11;0.065328);(17;0.01219)
(0;0.063555);(1;0.028089);(2;0.294332);(3;0.547514);(8;0.017469);(11;0.013969);(12;0.020426)
(0;0.031334);(1;0.671353);(2;0.154297);(3;0.086721);(23;0.010622);(26;0.017465)
(0;0.037194);(1;0.07245);(4;0.867381)
(0;0.61913);(1;0.107154);(2;0.201671);(5;0.014204);(22;0.012637);(51;0.023688)
(0;0.164655);(1;0.467832);(2;0.140848);(3;0.056262);(5;0.052916);(7;0.056894);(12;0.013939);(21;0.014858)
(0;0.903402);(1;0.037328);(3;0.010276);(28;0.022867)
(0;0.333433);(1;0.033753);(3;0.415847);(4;0.108552);(12;0.012688);(13;0.01498);(17;0.03703);(31;0.020625)
(0;0.813356);(1;0.014149);(12;0.027237);(19;0.052629);(21;0.010576);(24;0.028184);(25;0.013455);(45;0.020472)
(0;0.231472);(1;0.705165);(4;0.011994);(9;0.0107);(12;0.01769)
(0;0.493773);(1;0.066956);(2;0.394166);(5;0.021096)
(0;0.061063);(1;0.872767);(33;0.041353)
(0;0.057763);(1;0.885282);(20;0.027043)
(0;0.072389);(1;0.142105);(2;0.726633);(4;0.034335)
(0;0.034259);(1;0.846595);(13;0.076897);(36;0.010068)
(0;0.027508);(1;0.775979);(2;0.128953);(5;0.016985);(28;0.021349)
(0;0.695901);(1;0.030978);(2;0.144178);(4;0.015861);(11;0.026564);(12;0.024013);(14;0.013586);(18;0.022509)
(0;0.073895);(1;0.776902);(2;0.020818);(4;0.018892);(7;0.031055);(28;0.012999);(40;0.012223);(43;0.011465)
(0;0.048862);(1;0.024091);(2;0.907626)
(0;0.032304);(1;0.100235);(2;0.746481);(3;0.07951);(10;0.021336)
(0;0.809034);(1;0.025729);(2;0.043876);(6;0.026583);(12;0.017151);(22;0.032916);(31;0.021514)
(0;0.503441);(1;0.297861);(2;0.019884);(10;0.049708);(19;0.023577);(22;0.083959)
(0;0.209308);(1;0.086304);(2;0.238515);(3;0.377875);(4;0.011408);(6;0.023167);(22;0.014371)
(0;0.917109);(1;0.033147);(9;0.024606)
(0;0.048327);(1;0.08306);(2;0.565065);(3;0.092037);(4;0.086313);(5;0.055471);(16;0.013946);(22;0.014653);(26;0.022393)
(0;0.038528);(1;0.686666);(3;0.076967);(4;0.142697);(48;0.019148)
(0;0.02806);(1;0.024929);(3;0.913963)
(0;0.765239);(1;0.07867);(3;0.111723);(48;0.015123)
(0;0.510955);(1;0.30958);(6;0.092466);(7;0.021628);(43;0.027759)
(0;0.090014);(1;0.742019);(3;0.063287);(4;0.049673);(29;0.028285)
(0;0.038887);(1;0.707738);(2;0.128897);(3;0.089997);(22;0.011943)
(0;0.406085);(1;0.283694);(3;0.079206);(4;0.091562);(8;0.016999);(9;0.084296);(12;0.012868)
(0;0.507762);(1;0.084065);(3;0.218843);(6;0.019897);(11;0.021893);(13;0.070216);(14;0.010501);(23;0.012809);(44;0.02738)
(0;0.149473);(1;0.478373);(3;0.017742);(4;0.022824);(6;0.168667);(7;0.025814);(8;0.01836);(11;0.022397);(12;0.019027);(28;0.049844)
(0;0.84807);(1;0.028357);(9;0.010384);(19;0.029267);(35;0.040734);(43;0.019413)
(0;0.650597);(1;0.068262);(2;0.179022);(3;0.013991);(5;0.015012);(6;0.015805);(20;0.013038);(36;0.012427)
(0;0.055339);(1;0.219865);(2;0.426034);(3;0.061449);(4;0.140937);(10;0.012999);(13;0.060339)
(0;0.373488);(1;0.016399);(2;0.539597);(5;0.011279);(10;0.012484);(19;0.019379)
(0;0.054419);(1;0.274865);(2;0.558043);(5;0.038801);(6;0.016098);(26;0.026653)
(0;0.024119);(1;0.661582);(2;0.125866);(3;0.165049)
(0;0.837842);(1;0.059527);(3;0.01063);(4;0.028579);(18;0.01667)
(0;0.857985);(1;0.012606);(3;0.015771);(12;0.010258);(19;0.062593);(22;0.018022)
(0;0.06897);(1;0.105075);(2;0.010571);(3;0.731819);(4;0.064262)
(0;0.86669);(1;0.013293);(7;0.035886);(33;0.023584);(37;0.018191);(50;0.016964)
(0;0.037731);(1;0.79239);(2;0.061413);(3;0.064469);(23;0.013386)
(0;0.039809);(1;0.073476);(2;0.046094);(3;0.632154);(4;0.189479)
(0;0.914429);(1;0.014189);(3;0.010936);(8;0.016843);(36;0.010171)
(0;0.043269);(1;0.627574);(2;0.151518);(3;0.099485);(21;0.016289);(22;0.022968);(50;0.019317)
(0;0.921579);(1;0.016948);(2;0.020617);(24;0.015569)
(0;0.058959);(1;0.123732);(2;0.335565);(3;0.021276);(4;0.442892)
(0;0.840536);(1;0.058759);(6;0.03451);(24;0.029536);(48;0.010357)
(0;0.725227);(1;0.077413);(9;0.016997);(14;0.051287);(21;0.03042);(28;0.031598);(31;0.049309)
(0;0.175249);(1;0.027806);(2;0.666015);(4;0.083971);(12;0.019984)
(0;0.96638);(1;0.014973)
(0;0.099982);(1;0.602146);(3;0.179457);(4;0.029341);(6;0.010539);(7;0.01864);(9;0.021126);(10;0.014189)
(0;0.281);(1;0.491221);(2;0.094374);(3;0.063652);(7;0.016706);(20;0.015947)
(0;0.692012);(1;0.068465);(2;0.010001);(3;0.121874);(10;0.040669);(19;0.028009);(22;0.016939)
(0;0.062589);(1;0.597515);(2;0.122097);(3;0.159746);(7;0.0125);(20;0.022916)
(0;0.864141);(1;0.018631);(2;0.040336);(28;0.013942);(32;0.036339)
(0;0.964986);(1;0.012611)
(0;0.779733);(1;0.074065);(3;0.057501);(23;0.013013);(24;0.017833);(29;0.019541)
(0;0.866636);(1;0.071366);(8;0.040083)
(0;0.929613);(1;0.014555);(18;0.028581)
(0;0.045195);(1;0.274912);(2;0.014371);(3;0.167487);(4;0.358239);(7;0.018206);(11;0.016078);(34;0.032544);(44;0.01406);(46;0.030084)
(0;0.040592);(1;0.52514);(3;0.407605)
(0;0.904834);(1;0.036174);(13;0.018241);(15;0.016627)
(0;0.837399);(1;0.01259);(2;0.05981);(8;0.022973);(19;0.02781);(35;0.021804)
(0;0.033587);(1;0.850163);(2;0.087908)
(0;0.510751);(1;0.344636);(6;0.087441);(24;0.02061)
(0;0.076928);(1;0.152574);(2;0.520673);(3;0.187983);(5;0.035512)
(0;0.719204);(1;0.02009);(2;0.129322);(8;0.010595);(10;0.016324);(19;0.083887)
(0;0.033293);(1;0.045865);(3;0.848362);(7;0.018274);(8;0.012769);(9;0.020912)
(0;0.228301);(1;0.413291);(2;0.085432);(3;0.049661);(8;0.045125);(9;0.034505);(11;0.029596);(13;0.023316);(18;0.049244);(23;0.020278)
(0;0.733458);(1;0.035908);(2;0.108597);(17;0.016268);(19;0.012336);(22;0.048469)
(0;0.321128);(1;0.541379);(2;0.04306);(3;0.017373);(5;0.020117);(13;0.01077);(19;0.01606)
(0;0.916621);(1;0.047535)
(0;0.903202);(1;0.020871);(2;0.016607);(4;0.034344)
(0;0.786815);(1;0.022192);(3;0.112939);(12;0.020769);(17;0.028729)
(0;0.151342);(1;0.542325);(2;0.121976);(3;0.040588);(9;0.01016);(11;0.081517);(36;0.014133);(48;0.013533)
(0;0.032515);(1;0.103808);(3;0.690424);(4;0.120161);(8;0.018047);(11;0.015159)
(0;0.126414);(1;0.616392);(2;0.169585);(3;0.062936)
(0;0.669681);(1;0.051447);(2;0.121035);(7;0.037216);(9;0.036556);(10;0.025175);(14;0.016416);(59;0.012194)
(0;0.065994);(1;0.752881);(2;0.041928);(3;0.043572);(20;0.012055);(25;0.033579);(40;0.027705)
(0;0.657655);(1;0.280695);(22;0.023189);(35;0.01093)
(0;0.419339);(1;0.049487);(2;0.412176);(4;0.038247);(9;0.025116);(33;0.011006)
(0;0.053613);(1;0.783915);(3;0.098862);(10;0.0177);(15;0.012153)
(0;0.409516);(1;0.357781);(2;0.17892);(3;0.023922);(4;0.011298)
(0;0.819351);(1;0.060953);(17;0.023135);(18;0.022796);(24;0.023299)
(0;0.079054);(1;0.680046);(2;0.132172);(3;0.041242);(5;0.033836);(21;0.012386)
(0;0.321375);(1;0.040991);(2;0.051608);(3;0.510776);(8;0.018799);(15;0.016019);(28;0.010313)
(0;0.922618);(1;0.019726);(4;0.027416)
(0;0.81459);(1;0.017902);(2;0.015148);(11;0.034631);(13;0.018586);(24;0.043077);(80;0.011611);(96;0.022456)
(0;0.441276);(1;0.286761);(2;0.070741);(3;0.03039);(4;0.03598);(7;0.050684);(8;0.010537);(19;0.029124);(23;0.013881)
(0;0.879663);(1;0.029615);(4;0.012293);(9;0.016657);(15;0.015409)
(0;0.305054);(1;0.01581);(2;0.642082);(24;0.018383)
(0;0.802455);(1;0.065074);(2;0.074899);(16;0.011865);(19;0.010265);(22;0.017708)
(0;0.08442);(1;0.732367);(2;0.05639);(4;0.098243)
(0;0.600694);(1;0.186126);(2;0.06716);(3;0.011644);(9;0.06299);(11;0.011006);(22;0.029716)
(0;0.286197);(1;0.023465);(2;0.630231);(3;0.041562)
(0;0.496463);(1;0.224328);(2;0.087388);(3;0.044031);(4;0.044414);(12;0.014747);(13;0.04396);(33;0.011489)
(0;0.112208);(1;0.744407);(2;0.105774)
(0;0.067366);(1;0.150605);(3;0.722439);(4;0.03719)
(0;0.851367);(1;0.046638);(2;0.045073);(5;0.020271)
(0;0.512218);(1;0.037936);(2;0.354973);(5;0.022451);(8;0.015983);(10;0.016633);(26;0.01765)
(0;0.267144);(1;0.142566);(2;0.013852);(7;0.399069);(10;0.014972);(13;0.025175);(16;0.03858);(18;0.022045);(21;0.029791);(49;0.015731)
(0;0.23655);(1;0.362098);(2;0.243247);(3;0.014728);(6;0.016965);(8;0.021302);(9;0.023074);(18;0.016403);(45;0.017805);(56;0.017913)
(0;0.774348);(1;0.022232);(2;0.115373);(5;0.020072);(14;0.022815);(19;0.01549)
(0;0.472194);(1;0.242772);(2;0.062861);(13;0.033458);(18;0.01277);(25;0.048961);(29;0.107731)
(0;0.843786);(1;0.073492);(2;0.028318);(3;0.03143)
(0;0.100309);(1;0.729742);(2;0.059774);(3;0.045593);(18;0.017152);(27;0.022918)
(0;0.041847);(1;0.374897);(2;0.255081);(3;0.279655);(20;0.031385)
(0;0.772237);(1;0.02378);(2;0.10113);(5;0.013203);(6;0.024498);(7;0.014587);(13;0.016184)
(0;0.148212);(1;0.647655);(2;0.069571);(5;0.032585);(7;0.022033);(9;0.027714);(21;0.029535)
(0;0.043769);(1;0.733358);(4;0.176785)
(0;0.371445);(1;0.45329);(2;0.025673);(4;0.026575);(6;0.043454);(21;0.018275);(40;0.012596)
(0;0.62317);(1;0.016341);(4;0.152347);(5;0.041062);(6;0.015706);(7;0.022991);(9;0.010041);(18;0.023236);(28;0.02623);(43;0.053461)
(0;0.152778);(1;0.657271);(2;0.025003);(3;0.047475);(4;0.057963);(5;0.023531);(20;0.01192)
(0;0.930814);(1;0.017709);(43;0.023129)
(0;0.722575);(1;0.115426);(2;0.123232)
(0;0.232931);(1;0.134342);(2;0.500074);(4;0.027061);(17;0.029234);(18;0.010924);(25;0.01103);(29;0.039812)
(0;0.102045);(1;0.051631);(2;0.67738);(3;0.151336)
(0;0.161473);(1;0.403524);(2;0.162578);(4;0.117549);(9;0.016415);(11;0.015424);(12;0.018018);(17;0.023618);(19;0.014479);(23;0.012299);(47;0.028313)
(0;0.766941);(1;0.063583);(2;0.068892);(6;0.010964);(9;0.011573);(15;0.016814);(23;0.015821);(34;0.011333)
(0;0.551629);(1;0.117129);(2;0.228288);(5;0.019223);(7;0.055308)
(0;0.836521);(1;0.013742);(11;0.016778);(12;0.025802);(17;0.010895);(19;0.026597);(32;0.014885);(36;0.022456);(45;0.011778)
(0;0.737628);(1;0.138729);(3;0.053984);(5;0.033212);(8;0.013147)
(0;0.552363);(1;0.095063);(2;0.018817);(3;0.066308);(4;0.056784);(9;0.13204);(11;0.025773);(12;0.015028);(30;0.014697)
(0;0.168659);(1;0.456889);(2;0.013295);(4;0.268559);(9;0.022861);(11;0.011394);(12;0.028156)
(0;0.270624);(1;0.433771);(2;0.074969);(3;0.149718);(11;0.011008);(12;0.013398);(30;0.011278);(41;0.013157)
(0;0.045467);(1;0.826525);(2;0.013618);(4;0.062392);(14;0.019452)
(0;0.037896);(1;0.194616);(2;0.178347);(3;0.545768);(10;0.017544)
(0;0.081638);(1;0.186465);(3;0.661106);(7;0.031532);(18;0.011183)
(0;0.281333);(1;0.362368);(2;0.125092);(3;0.02805);(12;0.020088);(18;0.013037);(23;0.077014);(25;0.015821);(35;0.010345);(43;0.019377);(50;0.017833)
(0;0.836393);(1;0.029188);(3;0.039103);(5;0.013444);(15;0.017996);(64;0.026357)
(0;0.829162);(1;0.100797);(20;0.012706);(47;0.021692)
(0;0.215911);(1;0.25323);(2;0.053005);(3;0.113996);(4;0.207344);(8;0.047346);(12;0.038514);(19;0.02096);(39;0.017405)
(0;0.859967);(1;0.018405);(4;0.028037);(19;0.039085);(24;0.01342)
(0;0.035036);(1;0.709834);(2;0.025292);(4;0.085355);(6;0.029062);(7;0.03793);(9;0.033721);(10;0.012439)
(0;0.099469);(1;0.381108);(2;0.128779);(3;0.137842);(7;0.189433);(21;0.043604)
(0;0.08222);(1;0.576562);(2;0.156477);(3;0.04678);(4;0.04341);(9;0.028717);(10;0.019922);(16;0.010001);(26;0.012617)
(0;0.05197);(1;0.056646);(2;0.01975);(3;0.014303);(4;0.836849)
(0;0.921596);(1;0.015663);(2;0.010708);(24;0.022679)
(0;0.076111);(1;0.602911);(2;0.038113);(3;0.107172);(4;0.078135);(15;0.016731);(20;0.045834)
(0;0.076567);(1;0.309829);(2;0.022822);(3;0.096406);(4;0.421173);(7;0.011755);(10;0.036794)
(0;0.051213);(1;0.79927);(4;0.071449);(8;0.034905);(40;0.010114)
(0;0.040451);(1;0.534472);(2;0.038777);(3;0.365561)
(0;0.1567);(1;0.208865);(2;0.251026);(3;0.2236);(4;0.142404)
(0;0.722074);(1;0.037209);(2;0.017555);(6;0.019313);(7;0.011543);(20;0.021856);(21;0.011224);(23;0.012719);(28;0.020245);(30;0.021235);(36;0.015739);(37;0.012456);(43;0.01593);(50;0.015393);(98;0.013163)
(0;0.140806);(1;0.112178);(2;0.064191);(3;0.448104);(4;0.177542);(8;0.020926);(50;0.019011)
(0;0.840676);(1;0.047046);(2;0.042172);(4;0.021499);(33;0.022906)
(0;0.758766);(1;0.015306);(2;0.030154);(3;0.014465);(4;0.094601);(6;0.023695);(15;0.013311);(51;0.02309)
(0;0.03616);(1;0.110868);(2;0.011034);(4;0.81877)
(0;0.942507);(1;0.01713);(15;0.021036)
(0;0.80094);(1;0.046935);(4;0.11993)
(0;0.479741);(1;0.040511);(2;0.277265);(3;0.026097);(7;0.019697);(26;0.019223);(42;0.100018)
(0;0.754349);(1;0.037982);(2;0.113028);(3;0.018383);(30;0.011583);(33;0.043254)
(0;0.03166);(1;0.786572);(2;0.061178);(3;0.024037);(5;0.012396);(10;0.030591);(26;0.015212);(34;0.014443)
(0;0.134427);(1;0.653277);(2;0.069975);(3;0.047477);(4;0.072489)
(0;0.798871);(1;0.019149);(2;0.036313);(5;0.057148);(30;0.022136);(91;0.024728)
(0;0.80662);(1;0.067628);(5;0.046564);(8;0.04137);(25;0.010131)
(0;0.159389);(1;0.03008);(2;0.673296);(3;0.117681)
(0;0.084511);(1;0.718465);(13;0.066147);(21;0.025486);(37;0.032446);(81;0.03173)
(0;0.050521);(1;0.185214);(2;0.058118);(3;0.387183);(4;0.239758);(15;0.015478);(20;0.045633)
(0;0.669082);(1;0.015175);(2;0.168754);(5;0.01616);(6;0.015385);(8;0.045635);(18;0.032535);(35;0.010775)
(0;0.850084);(1;0.01854);(2;0.017994);(11;0.010685);(12;0.013612);(19;0.026208);(22;0.014665);(25;0.013412);(40;0.010181)
(0;0.935439);(1;0.014898);(6;0.020482)
(0;0.02648);(1;0.430868);(2;0.014258);(3;0.422552);(4;0.029024);(5;0.025293);(7;0.021212)
(0;0.362803);(1;0.261594);(2;0.169737);(4;0.18899)
(0;0.736746);(1;0.098518);(2;0.020427);(3;0.07635);(7;0.016921);(8;0.014878);(15;0.010442)
(0;0.205406);(1;0.017521);(2;0.686997);(3;0.030437);(8;0.021113);(17;0.010248);(27;0.014238)
(0;0.259552);(1;0.068545);(2;0.051059);(3;0.59012)
(0;0.043853);(1;0.83235);(2;0.06965);(3;0.024516)
(0;0.621547);(1;0.03874);(3;0.037038);(6;0.278322)
(0;0.808112);(1;0.048245);(2;0.016517);(5;0.021441);(8;0.037617);(9;0.029541);(32;0.011327)
(0;0.845122);(1;0.033401);(3;0.020571);(4;0.029303);(13;0.020828);(19;0.012328);(46;0.013446)
(0;0.078766);(1;0.602784);(2;0.078747);(3;0.191047);(11;0.018781)
(0;0.607862);(1;0.171108);(2;0.012195);(4;0.013512);(11;0.0321);(12;0.024436);(17;0.020834);(18;0.063592);(24;0.019336);(31;0.016785)
(0;0.052391);(1;0.639695);(2;0.132341);(4;0.021757);(10;0.031121);(11;0.081004);(14;0.019182)
