7
7
0
6
4
4
1
0
6
33
50
1
0
2
4
32
29
22
0
0
1
17
3
0
4
8
4
0
0
1
15
21
0
4
0
1
6
0
8
43
15
3
0
0
1
0
0
32
2
13
5
14
0
20
2
2
1
2
1
0
0
4
3
0
16
18
14
0
2
5
2
7
0
13
12
2
1
0
0
3
0
5
26
0
1
1
0
1
5
0
0
4
12
30
8
8
22
0
1
1
0
1
0
19
0
9
7
11
7
6
0
0
2
0
6
0
3
16
11
0
10
9
7
0
15
13
0
1
25
4
9
1
2
2
3
2
0
0
0
0
9
1
4
3
0
4
0
18
1
4
7
25
4
3
10
16
12
0
0
1
9
1
13
17
23
0
0
23
6
20
34
2
6
4
24
48
0
19
0
15
0
0
35
1
1
18
1
5
3
0
2
1
21
2
0
1
1
24
0
5
1
1
0
23
8
0
0
26
14
2
14
2
2
9
1
2
0
11
3
10
4
0
46
0
2
0
8
6
3
13
40
5
0
0
3
11
18
0
0
6
47
0
2
1
2
0
37
0
28
2
0
0
2
16
0
0
1
1
0
2
2
0
0
2
0
2
1
0
0
2
0
1
2
0
1
1
0
0
2
0
6
2
0
0
0
0
0
1
4
3
0
1
3
0
5
0
1
0
3
0
0
0
0
1
3
1
0
0
0
1
0
0
1
0
0
3
1
0
2
3
0
2
1
0
2
1
1
0
4
1
1
0
1
1
3
1
3
2
0
0
3
1
1
0
1
2
2
0
0
0
4
4
0
0
3
3
1
1
1
0
0
4
4
0
1
1
4
2
4
0
1
0
0
0
1
2
3
0
3
1
4
4
4
0
0
4
4
0
0
4
2
0
0
4
4
4
2
4
3
3
2
4
1
11
2
2
1
0
2
0
0
2
3
3
1
0
3
1
0
0
1
1
0
2
1
8
0
0
1
0
1
5
1
1
7
3
1
3
0
6
2
0
1
1
0
0
1
3
1
2
3
0
0
0
0
3
3
0
3
0
1
2
1
1
1
1
0
1
4
0
0
0
0
0
0
0
0
2
3
5
0
0
3
0
1
1
0
0
2
0
0
3
1
2
0
0
0
2
0
1
1
1
0
3
0
3
0
4
2
0
0
0
0
4
3
0
0
2
0
0
1
1
0
1
3
1
3
1
2
0
0
4
0
1
3
2
0
1
1
0
3
4
1
1
2
3
2
1
1
2
0
2
4
2
3
3
0
3
0
0
0
3
0
4
1
0
0
4
0
4
0
0
0
0
0
1
1
0
0
0
1
0
1
2
4
0
2
1
0
0
0
1
0
2
0
0
3
0
3
1
0
2
2
0
1
3
1
3
2
2
4
2
1
3
3
1
4
0
2
0
0
1
1
4
2
0
1
1
2
1
3
4
0
0
0
1
1
1
0
0
3
0
0
0
0
0
0
0
2
0
0
0
4
0
2
0
0
2
0
0
0
2
1
0
0
3
1
4
0
0
0
0
1
1
1
1
2
0
1
1
0
0
2
0
0
0
0
0
0
4
3
4
1
0
0
2
3
4
0
0
0
0
0
0
0
2
2
3
1
0
0
3
1
2
0
1
0
3
1
1
2
0
0
1
4
3
1
4
3
0
2
2
0
0
0
1
3
1
2
1
0
1
4
0
1
0
0
0
1
0
1
0
0
1
1
0
4
4
2
2
0
1
1
0
1
3
0
4
0
3
4
1
0
3
0
0
1
0
0
0
0
1
3
1
1
0
0
0
0
1
0
3
4
1
0
4
0
1
3
4
1
0
4
0
0
0
4
0
0
2
1
0
2
0
1
1
0
4
0
0
0
1
1
3
1
4
0
1
0
3
0
1
0
1
1
2
1
1
0
1
2
2
0
0
3
0
2
1
3
0
0
1
1
0
0
1
0
0
2
2
2
1
0
0
3
0
1
3
0
1
0
4
0
0
2
0
1
1
0
1
0
0
0
0
0
4
1
0
0
1
0
2
0
3
1
0
1
0
0
0
1
3
1
0
1
0
0
1
0
0
1
3
0
0
0
0
2
0
1
0
2
0
1
3
0
0
7
1
0
0
0
1
1
0
1
1
1
0
1
0
0
2
2
1
0
0
0
0
0
1
1
1
3
3
1
0
0
1
0
1
1
1
4
0
1
4
1
1
2
0
3
0
0
4
0
0
0
0
1
1
0
0
2
1
3
0
0
0
1
0
0
2
3
1
0
0
0
1
0
1
